620 104.862 NaN
670 155.256 NaN
720 218.764 NaN
770 286.724 NaN
820 348.571 NaN
870 414.484 NaN
920 466.413 NaN
970 499.138 NaN
1024 524.886 NaN
620 NaN 104.01
624.081 NaN 107.882
628.162 NaN 111.841
632.242 NaN 115.885
636.323 NaN 120.012
640.404 NaN 124.219
644.485 NaN 128.504
648.566 NaN 132.863
652.646 NaN 137.296
656.727 NaN 141.798
660.808 NaN 146.368
664.889 NaN 151.004
668.97 NaN 155.702
673.051 NaN 160.461
677.131 NaN 165.277
681.212 NaN 170.149
685.293 NaN 175.073
689.374 NaN 180.048
693.455 NaN 185.071
697.535 NaN 190.139
701.616 NaN 195.25
705.697 NaN 200.402
709.778 NaN 205.592
713.859 NaN 210.817
717.939 NaN 216.075
722.02 NaN 221.364
726.101 NaN 226.681
730.182 NaN 232.023
734.263 NaN 237.389
738.343 NaN 242.775
742.424 NaN 248.179
746.505 NaN 253.6
750.586 NaN 259.033
754.667 NaN 264.477
758.747 NaN 269.93
762.828 NaN 275.388
766.909 NaN 280.849
770.99 NaN 286.312
775.071 NaN 291.773
779.152 NaN 297.229
783.232 NaN 302.679
787.313 NaN 308.12
791.394 NaN 313.55
795.475 NaN 318.965
799.556 NaN 324.364
803.636 NaN 329.745
807.717 NaN 335.103
811.798 NaN 340.438
815.879 NaN 345.746
819.96 NaN 351.026
824.04 NaN 356.274
828.121 NaN 361.488
832.202 NaN 366.666
836.283 NaN 371.805
840.364 NaN 376.903
844.444 NaN 381.958
848.525 NaN 386.966
852.606 NaN 391.925
856.687 NaN 396.833
860.768 NaN 401.688
864.848 NaN 406.487
868.929 NaN 411.226
873.01 NaN 415.905
877.091 NaN 420.521
881.172 NaN 425.07
885.253 NaN 429.551
889.333 NaN 433.961
893.414 NaN 438.297
897.495 NaN 442.558
901.576 NaN 446.74
905.657 NaN 450.841
909.737 NaN 454.859
913.818 NaN 458.791
917.899 NaN 462.635
921.98 NaN 466.388
926.061 NaN 470.047
930.141 NaN 473.611
934.222 NaN 477.077
938.303 NaN 480.442
942.384 NaN 483.704
946.465 NaN 486.861
950.545 NaN 489.909
954.626 NaN 492.847
958.707 NaN 495.671
962.788 NaN 498.38
966.869 NaN 500.971
970.949 NaN 503.442
975.03 NaN 505.789
979.111 NaN 508.011
983.192 NaN 510.106
987.273 NaN 512.069
991.354 NaN 513.9
995.434 NaN 515.596
999.515 NaN 517.154
1003.6 NaN 518.571
1007.68 NaN 519.846
1011.76 NaN 520.975
1015.84 NaN 521.957
1019.92 NaN 522.788
1024 NaN 523.467
