4.48769e+06 104.862 NaN
7.01353e+09 155.256 NaN
1.40223e+10 218.764 NaN
2.10312e+10 286.724 NaN
2.804e+10 348.571 NaN
3.5049e+10 414.484 NaN
4.20578e+10 466.413 NaN
4.90667e+10 499.138 NaN
5.60754e+10 524.886 NaN
620 NaN -1.96398e+28
624.081 NaN -1.63268e+28
628.162 NaN -1.31922e+28
632.242 NaN -1.02325e+28
636.323 NaN -7.44393e+27
640.404 NaN -4.8228e+27
644.485 NaN -2.36543e+27
648.566 NaN -6.81629e+25
652.646 NaN 2.0727e+27
656.727 NaN 4.06082e+27
660.808 NaN 5.89989e+27
664.889 NaN 7.59359e+27
668.97 NaN 9.14558e+27
673.051 NaN 1.05596e+28
677.131 NaN 1.18392e+28
681.212 NaN 1.29882e+28
685.293 NaN 1.40102e+28
689.374 NaN 1.49089e+28
693.455 NaN 1.5688e+28
697.535 NaN 1.63511e+28
701.616 NaN 1.6902e+28
705.697 NaN 1.73443e+28
709.778 NaN 1.76816e+28
713.859 NaN 1.79178e+28
717.939 NaN 1.80564e+28
722.02 NaN 1.81011e+28
726.101 NaN 1.80557e+28
730.182 NaN 1.79237e+28
734.263 NaN 1.77089e+28
738.343 NaN 1.7415e+28
742.424 NaN 1.70455e+28
746.505 NaN 1.66043e+28
750.586 NaN 1.6095e+28
754.667 NaN 1.55212e+28
758.747 NaN 1.48867e+28
762.828 NaN 1.41951e+28
766.909 NaN 1.34501e+28
770.99 NaN 1.26553e+28
775.071 NaN 1.18146e+28
779.152 NaN 1.09314e+28
783.232 NaN 1.00096e+28
787.313 NaN 9.05279e+27
791.394 NaN 8.06464e+27
795.475 NaN 7.04885e+27
799.556 NaN 6.00909e+27
803.636 NaN 4.94904e+27
807.717 NaN 3.87239e+27
811.798 NaN 2.7828e+27
815.879 NaN 1.68396e+27
819.96 NaN 5.79553e+26
824.04 NaN -5.26751e+26
828.121 NaN -1.63127e+27
832.202 NaN -2.73032e+27
836.283 NaN -3.82023e+27
840.364 NaN -4.89731e+27
844.444 NaN -5.95789e+27
848.525 NaN -6.9983e+27
852.606 NaN -8.01484e+27
856.687 NaN -9.00384e+27
860.768 NaN -9.96162e+27
864.848 NaN -1.08845e+28
868.929 NaN -1.17688e+28
873.01 NaN -1.26109e+28
877.091 NaN -1.3407e+28
881.172 NaN -1.41535e+28
885.253 NaN -1.48467e+28
889.333 NaN -1.54829e+28
893.414 NaN -1.60585e+28
897.495 NaN -1.65698e+28
901.576 NaN -1.70131e+28
905.657 NaN -1.73846e+28
909.737 NaN -1.76808e+28
913.818 NaN -1.7898e+28
917.899 NaN -1.80324e+28
921.98 NaN -1.80804e+28
926.061 NaN -1.80384e+28
930.141 NaN -1.79025e+28
934.222 NaN -1.76693e+28
938.303 NaN -1.73349e+28
942.384 NaN -1.68957e+28
946.465 NaN -1.6348e+28
950.545 NaN -1.56882e+28
954.626 NaN -1.49126e+28
958.707 NaN -1.40174e+28
962.788 NaN -1.2999e+28
966.869 NaN -1.18538e+28
970.949 NaN -1.0578e+28
975.03 NaN -9.16797e+27
979.111 NaN -7.62004e+27
983.192 NaN -5.93051e+27
987.273 NaN -4.09572e+27
991.354 NaN -2.11198e+27
995.434 NaN 2.43869e+25
999.515 NaN 2.31706e+27
1003.6 NaN 4.76972e+27
1007.68 NaN 7.38604e+27
1011.76 NaN 1.01697e+28
1015.84 NaN 1.31244e+28
1019.92 NaN 1.62538e+28
1024 NaN 1.95615e+28
