620 71.3085 NaN
670 114.876 NaN
720 153.855 NaN
770 234.681 NaN
820 279.526 NaN
870 364.162 NaN
920 402.017 NaN
970 439.061 NaN
1024 494.928 NaN
620 NaN 69.7437
624.081 NaN 72.7825
628.162 NaN 75.9119
632.242 NaN 79.1297
636.323 NaN 82.4339
640.404 NaN 85.8224
644.485 NaN 89.2933
648.566 NaN 92.8444
652.646 NaN 96.4738
656.727 NaN 100.179
660.808 NaN 103.959
664.889 NaN 107.811
668.97 NaN 111.733
673.051 NaN 115.722
677.131 NaN 119.778
681.212 NaN 123.898
685.293 NaN 128.079
689.374 NaN 132.32
693.455 NaN 136.62
697.535 NaN 140.974
701.616 NaN 145.383
705.697 NaN 149.843
709.778 NaN 154.353
713.859 NaN 158.91
717.939 NaN 163.513
722.02 NaN 168.159
726.101 NaN 172.846
730.182 NaN 177.573
734.263 NaN 182.338
738.343 NaN 187.137
742.424 NaN 191.97
746.505 NaN 196.834
750.586 NaN 201.727
754.667 NaN 206.647
758.747 NaN 211.593
762.828 NaN 216.561
766.909 NaN 221.55
770.99 NaN 226.558
775.071 NaN 231.583
779.152 NaN 236.623
783.232 NaN 241.676
787.313 NaN 246.739
791.394 NaN 251.811
795.475 NaN 256.89
799.556 NaN 261.973
803.636 NaN 267.059
807.717 NaN 272.145
811.798 NaN 277.23
815.879 NaN 282.311
819.96 NaN 287.386
824.04 NaN 292.454
828.121 NaN 297.512
832.202 NaN 302.559
836.283 NaN 307.591
840.364 NaN 312.608
844.444 NaN 317.607
848.525 NaN 322.586
852.606 NaN 327.543
856.687 NaN 332.475
860.768 NaN 337.382
864.848 NaN 342.261
868.929 NaN 347.109
873.01 NaN 351.926
877.091 NaN 356.708
881.172 NaN 361.453
885.253 NaN 366.161
889.333 NaN 370.828
893.414 NaN 375.452
897.495 NaN 380.032
901.576 NaN 384.565
905.657 NaN 389.05
909.737 NaN 393.485
913.818 NaN 397.866
917.899 NaN 402.193
921.98 NaN 406.463
926.061 NaN 410.675
930.141 NaN 414.825
934.222 NaN 418.913
938.303 NaN 422.935
942.384 NaN 426.891
946.465 NaN 430.778
950.545 NaN 434.593
954.626 NaN 438.336
958.707 NaN 442.003
962.788 NaN 445.593
966.869 NaN 449.104
970.949 NaN 452.533
975.03 NaN 455.879
979.111 NaN 459.14
983.192 NaN 462.313
987.273 NaN 465.397
991.354 NaN 468.39
995.434 NaN 471.288
999.515 NaN 474.092
1003.6 NaN 476.797
1007.68 NaN 479.403
1011.76 NaN 481.907
1015.84 NaN 484.307
1019.92 NaN 486.601
1024 NaN 488.788
