-1024, -427.347, -426.709
-1023, -424.686, -430.402
-1022, -425.577, -425.965
-1021, -400.618, -403.121
-1020, -39.5053, -58.1815
-1019, -0, -0
-1018, -0, -0
-1017, -0, -0
-1016, -0, -0
-1015, -0, -0
-1014, -0, -0
-1013, -0, -0
-1012, -0, -0
-1011, -0, -0
-1010, -0, -0
-1009, -0, -0
-1008, -0, -0
-1007, -0, -0
-1006, -0, -0
-1005, -0, -0
-1004, -0, -0
-1003, -0, -0
-1002, -0, -0
-1001, -0, -0
-1000, -0, -0
-999, -0, -0
-998, -0, -0
-997, -0, -0
-996, -0, -0
-995, -0, -0
-994, -0, -0
-993, -0, -0
-992, -0, -0
-991, -0, -0
-990, -0, -0
-989, -0, -0
-988, -0, -0
-987, -0, -0
-986, -0, -0
-985, -0, -0
-984, -0, -0
-983, -0, -0
-982, -0, -0
-981, -0, -0
-980, -0, -0
-979, -0, -0
-978, -0, -0
-977, -0, -0
-976, -0, -0
-975, -0, -0
-974, -0, -0
-973, -0, -0
-972, -0, -0
-971, -0, -0
-970, -0, -0
-969, -0, -0
-968, -0, -0
-967, -0, -0
-966, -0, -0
-965, -0, -0
-964, -0, -0
-963, -0, -0
-962, -0, -0
-961, -0, -0
-960, -0, -0
-959, -0, -0
-958, -0, -0
-957, -0, -0
-956, -0, -0
-955, -0, -0
-954, -0, -0
-953, -0, -0
-952, -0, -0
-951, -0, -0
-950, -0, -0
-949, -0, -0
-948, -0, -0
-947, -0, -0
-946, -0, -0
-945, -0, -0
-944, -0, -0
-943, -0, -0
-942, -0, -0
-941, -0, -0
-940, -0, -0
-939, -0, -0
-938, -0, -0
-937, -0, -0
-936, -0, -0
-935, -0, -0
-934, -0, -0
-933, -0, -0
-932, -0, -0
-931, -0, -0
-930, -0, -0
-929, -0, -0
-928, -0, -0
-927, -0, -0
-926, -0, -0
-925, -0, -0
-924, -0, -0
-923, -0, -0
-922, -0, -0
-921, -0, -0
-920, -0, -0
-919, -0, -0
-918, -0, -0
-917, -0, -0
-916, -0, -0
-915, -0, -0
-914, -0, -0
-913, -0, -0
-912, -0, -0
-911, -0, -0
-910, -0, -0
-909, -0, -0
-908, -0, -0
-907, -0, -0
-906, -0, -0
-905, -0, -0
-904, -0, -0
-903, -0, -0
-902, -0, -0
-901, -0, -0
-900, -0, -0
-899, -0, -0
-898, -0, -0
-897, -0, -0
-896, -0, -0
-895, -0, -0
-894, -0, -0
-893, -0, -0
-892, -0, -0
-891, -0, -0
-890, -0, -0
-889, -0, -0
-888, -0, -0
-887, -0, -0
-886, -34.8276, -36.2868
-885, -51.2924, -51.2461
-884, -0.514315, -0.555381
-883, -1.5992, -0
-882, -0, -0.194499
-881, -0, -0
-880, -0, -0
-879, -0, -0
-878, -0, -0
-877, -0, -0
-876, -0, -0
-875, -40.5462, -41.9827
-874, -79.6009, -81.2076
-873, -101.785, -108.232
-872, -128.225, -134.533
-871, -165.496, -177.158
-870, -183.417, -200.001
-869, -186.059, -197.855
-868, -177.308, -191.81
-867, -12.945, -13.6287
-866, -0, -0
-865, -0, -0
-864, -0, -0
-863, -0, -0
-862, -0, -0
-861, -0, -0
-860, -0, -0
-859, -0, -0
-858, -0, -0
-857, -0, -0
-856, -0, -0
-855, -0, -0
-854, -0, -0
-853, -0, -0
-852, -0, -0
-851, -0, -0
-850, -0, -0
-849, -0, -0
-848, -0, -0
-847, -0, -0
-846, -0, -0
-845, -0, -0
-844, -0, -0
-843, -0, -0
-842, -0, -0
-841, -0, -0
-840, -0, -0
-839, -0, -0
-838, -0, -0
-837, -0, -0
-836, -0, -0
-835, -0, -0
-834, -0, -0
-833, -0, -0
-832, -0, -0
-831, -0, -0
-830, -0.925708, -0
-829, -0.674002, -0.393117
-828, -0.92361, -0.986293
-827, -0, -0
-826, -0, -0
-825, -0, -0
-824, -0, -0
-823, -0, -0
-822, -0, -0
-821, -0, -0
-820, -0, -0
-819, -0, -0
-818, -0, -0
-817, -0, -0
-816, -0, -0
-815, -0, -0
-814, -0, -0
-813, -0, -0
-812, -0, -0
-811, -0, -0
-810, -0, -0
-809, -0, -0
-808, -0, -0
-807, -0, -0
-806, -0, -0
-805, -0, -0
-804, -0, -0
-803, -0, -0
-802, -0, -0
-801, -0, -0
-800, -0, -0
-799, -0, -0
-798, -0, -0
-797, -0, -0
-796, -0, -0
-795, -0, -0
-794, -0, -0
-793, -0, -0
-792, -0, -0
-791, -0, -0
-790, -0, -0
-789, -0, -0
-788, -0, -0
-787, -0, -0
-786, -0, -0
-785, -0, -0
-784, -0, -0
-783, -0, -0
-782, -0, -0
-781, -0, -0
-780, -0, -0
-779, -0, -0
-778, -0, -0
-777, -0, -0
-776, -0, -0
-775, -0, -0
-774, -0, -0
-773, -0, -0
-772, -0, -0
-771, -0, -0
-770, -0, -0
-769, -0, -0
-768, -0, -0
-767, -0, -0
-766, -0, -0
-765, -0, -0
-764, -0, -0
-763, -0, -0
-762, -0, -0
-761, -0, -0
-760, -0, -0
-759, -0, -0
-758, -0, -0
-757, -0, -0
-756, -0, -0
-755, -0, -0
-754, -0, -0
-753, -0, -0
-752, -0, -0
-751, -0, -0
-750, -0, -0
-749, -0, -0
-748, -0, -0
-747, -0, -0
-746, -0, -0
-745, -0, -0
-744, -0, -0
-743, -0, -0
-742, -0, -0
-741, -0, -0
-740, -0, -0
-739, -0, -0
-738, -0, -0
-737, -0, -0
-736, -0, -0
-735, -0, -0
-734, -0, -0
-733, -0, -0
-732, -0, -0
-731, -0, -0
-730, -0, -0
-729, -0, -0
-728, -0, -0
-727, -0, -0
-726, -0, -0
-725, -0, -0
-724, -0, -0
-723, -0, -0
-722, -0, -0
-721, -0, -0
-720, -0, -0
-719, -0, -0
-718, -0, -0
-717, -0, -0
-716, -0, -0
-715, -0, -0
-714, -0, -0
-713, -0, -0
-712, -0, -0
-711, -0, -0
-710, -0, -0
-709, -0, -0
-708, -0, -0
-707, -0, -0
-706, -0, -0
-705, -0, -0
-704, -0, -0
-703, -0, -0
-702, -0, -0
-701, -0, -0
-700, -0, -0
-699, -0, -0
-698, -0, -0
-697, -0, -0
-696, -0, -0
-695, -0, -0
-694, -0, -0
-693, -0, -0
-692, -0, -0
-691, -0, -0
-690, -0, -0
-689, -0.46682, -1.07013
-688, -0, -0
-687, -0, -3.05581
-686, -0, -0
-685, -0, -0
-684, -0, -0
-683, -0, -0
-682, -0, -0
-681, -0, -0
-680, -0, -0
-679, -0, -0
-678, -0, -0
-677, -0, -0
-676, -0, -0
-675, -1.64409, -1.70946
-674, -0, -0
-673, -0, -0.0365803
-672, -0, -0
-671, -0, -0
-670, -0, -0
-669, -0, -0
-668, -0, -0
-667, -0, -0
-666, -0, -0
-665, -0, -0
-664, -0, -0
-663, -0, -0
-662, -0, -0
-661, -0, -0
-660, -0, -0
-659, -0, -0
-658, -0, -0
-657, -0, -0
-656, -0, -0
-655, -0, -0
-654, -0, -0
-653, -0, -0
-652, -0, -0
-651, -0, -0
-650, -0, -0
-649, -0, -0
-648, -0, -0
-647, -0, -0
-646, -0, -0
-645, -0, -0
-644, -0, -0
-643, -0, -0
-642, -0, -0
-641, -0, -0
-640, -0, -0
-639, -0, -0
-638, -0, -0
-637, -0, -0
-636, -0, -0
-635, -0, -0
-634, -0, -0
-633, -0, -0
-632, -0.866403, -0
-631, -0, -0
-630, -0, -0
-629, -0, -0
-628, -0, -0
-627, -0, -0
-626, -0, -0
-625, -0, -0
-624, -0, -0
-623, -0, -0
-622, -0, -0
-621, -0, -0
-620, -0, -0
-619, -0, -0
-618, -0, -0
-617, -0, -0
-616, -0, -0
-615, -0, -0
-614, -0, -0
-613, -0, -0
-612, -0, -0
-611, -0, -0
-610, -0, -0
-609, -0, -0.938737
-608, -0, -0
-607, -0, -0
-606, -0, -0
-605, -0, -0
-604, -0, -0
-603, -0, -0
-602, -0, -0
-601, -0, -0
-600, -0, -0.974839
-599, 0, 0
-598, 0, 0
-597, 0, 0
-596, 0, 0
-595, 0, 0
-594, 0, 0
-593, 0, 0
-592, 0, 0
-591, 0, 0
-590, 0, 0
-589, 0, 0
-588, 0, 0
-587, 0, 0
-586, 0, 0
-585, 0, 0
-584, 0, 0
-583, 0, 0
-582, 0, 0
-581, 0, 0
-580, 0, 0
-579, 0, 0
-578, 0, 0
-577, 0, 0
-576, 0, 0
-575, 0, 0
-574, 0, 0
-573, 0, 0
-572, 0, 0
-571, 0, 0
-570, 0, 0
-569, 0, 0
-568, 0, 0
-567, 0, 0
-566, 0, 0
-565, 0, 0
-564, 0, 0
-563, 0, 0
-562, 0, 0
-561, 0, 0
-560, 0, 0
-559, 0, 0
-558, 0, 0
-557, 0, 0
-556, 0, 0
-555, 0, 0
-554, 0, 0
-553, 0, 0
-552, 0, 0
-551, 0, 0
-550, 0, 0
-549, 0, 0
-548, 0, 0
-547, 0, 0
-546, 0, 0
-545, 0, 0
-544, 0, 0
-543, 0, 0
-542, 0, 0
-541, 0, 0
-540, 0, 0
-539, 0, 0
-538, 0, 0
-537, 0, 0
-536, 0, 0
-535, 0, 0
-534, 0, 0
-533, 0, 0
-532, 0, 0
-531, 0, 0
-530, 0, 0
-529, 0, 0
-528, 0, 0
-527, 0, 0
-526, 0, 0
-525, 0, 0
-524, 0, 0
-523, 0, 0
-522, 0, 0
-521, 0, 0
-520, 0, 0
-519, 0, 0
-518, 0, 0
-517, 0, 0
-516, 0, 0
-515, 0, 0
-514, 0, 0
-513, 0, 0
-512, 0, 0
-511, 0, 0
-510, 0, 0
-509, 0, 0
-508, 0, 0
-507, 0, 0
-506, 0, 0
-505, 0, 0
-504, 0, 0
-503, 0, 0
-502, 0, 0
-501, 0, 0
-500, 0, 0
-499, 0, 0
-498, 0, 0
-497, 0, 0
-496, 0, 0
-495, 0, 0
-494, 0, 0
-493, 0, 0
-492, 0, 0
-491, 0, 0
-490, 0, 0
-489, 0, 0
-488, 0, 0
-487, 0, 0
-486, 0, 0
-485, 0, 0
-484, 0, 0
-483, 0, 0
-482, 0, 0
-481, 0, 0
-480, 0, 0
-479, 0, 0
-478, 0, 0
-477, 0, 0
-476, 0, 0
-475, 0, 0
-474, 0, 0
-473, 0, 0
-472, 0, 0
-471, 0, 0
-470, 0, 0
-469, 0, 0
-468, 0, 0
-467, 0, 0
-466, 0, 0
-465, 0, 0
-464, 0, 0
-463, 0, 0
-462, 0, 0
-461, 0, 0
-460, 0, 0
-459, 0, 0
-458, 0, 0
-457, 0, 0
-456, 0, 0
-455, 0, 0
-454, 0, 0
-453, 0, 0
-452, 0, 0
-451, 0, 0
-450, 0, 0
-449, 0, 0
-448, 0, 0
-447, 0, 0
-446, 0, 0
-445, 0, 0
-444, 0, 0
-443, 0, 0
-442, 0, 0
-441, 0, 0
-440, 0, 0
-439, 0, 0
-438, 0, 0
-437, 0, 0
-436, 0, 0
-435, 0, 0
-434, 0, 0
-433, 0, 0
-432, 0, 0
-431, 0, 0
-430, 0, 0
-429, 0, 0
-428, 0, 0
-427, 0, 0
-426, 0, 0
-425, 0, 0
-424, 0, 0
-423, 0, 0
-422, 0, 0
-421, 0, 0
-420, 0, 0
-419, 0, 0
-418, 0, 0
-417, 0, 0
-416, 0, 0
-415, 0, 0
-414, 0, 0
-413, 0, 0
-412, 0, 0
-411, 0, 0
-410, 0, 0
-409, 0, 0
-408, 0, 0
-407, 0, 0
-406, 0, 0
-405, 0, 0
-404, 0, 0
-403, 0, 0
-402, 0, 0
-401, 0, 0
-400, 0, 0
-399, 0, 0
-398, 0, 0
-397, 0, 0
-396, 0, 0
-395, 0, 0
-394, 0, 0
-393, 0, 0
-392, 0, 0
-391, 0, 0
-390, 0, 0
-389, 0, 0
-388, 0, 0
-387, 0, 0
-386, 0, 0
-385, 0, 0
-384, 0, 0
-383, 0, 0
-382, 0, 0
-381, 0, 0
-380, 0, 0
-379, 0, 0
-378, 0, 0
-377, 0, 0
-376, 0, 0
-375, 0, 0
-374, 0, 0
-373, 0, 0
-372, 0, 0
-371, 0, 0
-370, 0, 0
-369, 0, 0
-368, 0, 0
-367, 0, 0
-366, 0, 0
-365, 0, 0
-364, 0, 0
-363, 0, 0
-362, 0, 0
-361, 0, 0
-360, 0, 0
-359, 0, 0
-358, 0, 0
-357, 0, 0
-356, 0, 0
-355, 0, 0
-354, 0, 0
-353, 0, 0
-352, 0, 0
-351, 0, 0
-350, 0, 0
-349, 0, 0
-348, 0, 0
-347, 0, 0
-346, 0, 0
-345, 0, 0
-344, 0, 0
-343, 0, 0
-342, 0, 0
-341, 0, 0
-340, 0, 0
-339, 0, 0
-338, 0, 0
-337, 0, 0
-336, 0, 0
-335, 0, 0
-334, 0, 0
-333, 0, 0
-332, 0, 0
-331, 0, 0
-330, 0, 0
-329, 0, 0
-328, 0, 0
-327, 0, 0
-326, 0, 0
-325, 0, 0
-324, 0, 0
-323, 0, 0
-322, 0, 0
-321, 0, 0
-320, 0, 0
-319, 0, 0
-318, 0, 0
-317, 0, 0
-316, 0, 0
-315, 0, 0
-314, 0, 0
-313, 0, 0
-312, 0, 0
-311, 0, 0
-310, 0, 0
-309, 0, 0
-308, 0, 0
-307, 0, 0
-306, 0, 0
-305, 0, 0
-304, 0, 0
-303, 0, 0
-302, 0, 0
-301, 0, 0
-300, 0, 0
-299, 0, 0
-298, 0, 0
-297, 0, 0
-296, 0, 0
-295, 0, 0
-294, 0, 0
-293, 0, 0
-292, 0, 0
-291, 0, 0
-290, 0, 0
-289, 0, 0
-288, 0, 0
-287, 0, 0
-286, 0, 0
-285, 0, 0
-284, 0, 0
-283, 0, 0
-282, 0, 0
-281, 0, 0
-280, 0, 0
-279, 0, 0
-278, 0, 0
-277, 0, 0
-276, 0, 0
-275, 0, 0
-274, 0, 0
-273, 0, 0
-272, 0, 0
-271, 0, 0
-270, 0, 0
-269, 0, 0
-268, 0, 0
-267, 0, 0
-266, 0, 0
-265, 0, 0
-264, 0, 0
-263, 0, 0
-262, 0, 0
-261, 0, 0
-260, 0, 0
-259, 0, 0
-258, 0, 0
-257, 0, 0
-256, 0, 0
-255, 0, 0
-254, 0, 0
-253, 0, 0
-252, 0, 0
-251, 0, 0
-250, 0, 0
-249, 0, 0
-248, 0, 0
-247, 0, 0
-246, 0, 0
-245, 0, 0
-244, 0, 0
-243, 0, 0
-242, 0, 0
-241, 0, 0
-240, 0, 0
-239, 0, 0
-238, 0, 0
-237, 0, 0
-236, 0, 0
-235, 0, 0
-234, 0, 0
-233, 0, 0
-232, 0, 0
-231, 0, 0
-230, 0, 0
-229, 0, 0
-228, 0, 0
-227, 0, 0
-226, 0, 0
-225, 0, 0
-224, 0, 0
-223, 0, 0
-222, 0, 0
-221, 0, 0
-220, 0, 0
-219, 0, 0
-218, 0, 0
-217, 0, 0
-216, 0, 0
-215, 0, 0
-214, 0, 0
-213, 0, 0
-212, 0, 0
-211, 0, 0
-210, 0, 0
-209, 0, 0
-208, 0, 0
-207, 0, 0
-206, 0, 0
-205, 0, 0
-204, 0, 0
-203, 0, 0
-202, 0, 0
-201, 0, 0
-200, 0, 0
-199, 0, 0
-198, 0, 0
-197, 0, 0
-196, 0, 0
-195, 0, 0
-194, 0, 0
-193, 0, 0
-192, 0, 0
-191, 0, 0
-190, 0, 0
-189, 0, 0
-188, 0, 0
-187, 0, 0
-186, 0, 0
-185, 0, 0
-184, 0, 0
-183, 0, 0
-182, 0, 0
-181, 0, 0
-180, 0, 0
-179, 0, 0
-178, 0, 0
-177, 0, 0
-176, 0, 0
-175, 0, 0
-174, 0, 0
-173, 0, 0
-172, 0, 0
-171, 0, 0
-170, 0, 0
-169, 0, 0
-168, 0, 0
-167, 0, 0
-166, 0, 0
-165, 0, 0
-164, 0, 0
-163, 0, 0
-162, 0, 0
-161, 0, 0
-160, 0, 0
-159, 0, 0
-158, 0, 0
-157, 0, 0
-156, 0, 0
-155, 0, 0
-154, 0, 0
-153, 0, 0
-152, 0, 0
-151, 0, 0
-150, 0, 0
-149, 0, 0
-148, 0, 0
-147, 0, 0
-146, 0, 0
-145, 0, 0
-144, 0, 0
-143, 0, 0
-142, 0, 0
-141, 0, 0
-140, 0, 0
-139, 0, 0
-138, 0, 0
-137, 0, 0
-136, 0, 0
-135, 0, 0
-134, 0, 0
-133, 0, 0
-132, 0, 0
-131, 0, 0
-130, 0, 0
-129, 0, 0
-128, 0, 0
-127, 0, 0
-126, 0, 0
-125, 0, 0
-124, 0, 0
-123, 0, 0
-122, 0, 0
-121, 0, 0
-120, 0, 0
-119, 0, 0
-118, 0, 0
-117, 0, 0
-116, 0, 0
-115, 0, 0
-114, 0, 0
-113, 0, 0
-112, 0, 0
-111, 0, 0
-110, 0, 0
-109, 0, 0
-108, 0, 0
-107, 0, 0
-106, 0, 0
-105, 0, 0
-104, 0, 0
-103, 0, 0
-102, 0, 0
-101, 0, 0
-100, 0, 0
-99, 0, 0
-98, 0, 0
-97, 0, 0
-96, 0, 0
-95, 0, 0
-94, 0, 0
-93, 0, 0
-92, 0, 0
-91, 0, 0
-90, 0, 0
-89, 0, 0
-88, 0, 0
-87, 0, 0
-86, 0, 0
-85, 0, 0
-84, 0, 0
-83, 0, 0
-82, 0, 0
-81, 0, 0
-80, 0, 0
-79, 0, 0
-78, 0, 0
-77, 0, 0
-76, 0, 0
-75, 0, 0
-74, 0, 0
-73, 0, 0
-72, 0, 0
-71, 0, 0
-70, 0, 0
-69, 0, 0
-68, 0, 0
-67, 0, 0
-66, 0, 0
-65, 0, 0
-64, 0, 0
-63, 0, 0
-62, 0, 0
-61, 0, 0
-60, 0, 0
-59, 0, 0
-58, 0, 0
-57, 0, 0
-56, 0, 0
-55, 0, 0
-54, 0, 0
-53, 0, 0
-52, 0, 0
-51, 0, 0
-50, 0, 0
-49, 0, 0
-48, 0, 0
-47, 0, 0
-46, 0, 0
-45, 0, 0
-44, 0, 0
-43, 0, 0
-42, 0, 0
-41, 0, 0
-40, 0, 0
-39, 0, 0
-38, 0, 0
-37, 0, 0
-36, 0, 0
-35, 0, 0
-34, 0, 0
-33, 0, 0
-32, 0, 0
-31, 0, 0
-30, 0, 0
-29, 0, 0
-28, 0, 0
-27, 0, 0
-26, 0, 0
-25, 0, 0
-24, 0, 0
-23, 0, 0
-22, 0, 0
-21, 0, 0
-20, 0, 0
-19, 0, 0
-18, 0, 0
-17, 0, 0
-16, 0, 0
-15, 0, 0
-14, 0, 0
-13, 0, 0
-12, 0, 0
-11, 0, 0
-10, 0, 0
-9, 0, 0
-8, 0, 0
-7, 0, 0
-6, 0, 0
-5, 0, 0
-4, 0, 0
-3, 0, 0
-2, 0, 0
-1, 0, 0
0, 0, 0
1, 0, 0
2, 0, 0
3, 0, 0
4, 0, 0
5, 0, 0
6, 0, 0
7, 0, 0
8, 0, 0
9, 0, 0
10, 0, 0
11, 0, 0
12, 0, 0
13, 0, 0
14, 0, 0
15, 0, 0
16, 0, 0
17, 0, 0
18, 0, 0
19, 0, 0
20, 0, 0
21, 0, 0
22, 0, 0
23, 0, 0
24, 0, 0
25, 0, 0
26, 0, 0
27, 0, 0
28, 0, 0
29, 0, 0
30, 0, 0
31, 0, 0
32, 0, 0
33, 0, 0
34, 0, 0
35, 0, 0
36, 0, 0
37, 0, 0
38, 0, 0
39, 0, 0
40, 0, 0
41, 0, 0
42, 0, 0
43, 0, 0
44, 0, 0
45, 0, 0
46, 0, 0
47, 0, 0
48, 0, 0
49, 0, 0
50, 0, 0
51, 0, 0
52, 0, 0
53, 0, 0
54, 0, 0
55, 0, 0
56, 0, 0
57, 0, 0
58, 0, 0
59, 0, 0
60, 0, 0
61, 0, 0
62, 0, 0
63, 0, 0
64, 0, 0
65, 0, 0
66, 0, 0
67, 0, 0
68, 0, 0
69, 0, 0
70, 0, 0
71, 0, 0
72, 0, 0
73, 0, 0
74, 0, 0
75, 0, 0
76, 0, 0
77, 0, 0
78, 0, 0
79, 0, 0
80, 0, 0
81, 0, 0
82, 0, 0
83, 0, 0
84, 0, 0
85, 0, 0
86, 0, 0
87, 0, 0
88, 0, 0
89, 0, 0
90, 0, 0
91, 0, 0
92, 0, 0
93, 0, 0
94, 0, 0
95, 0, 0
96, 0, 0
97, 0, 0
98, 0, 0
99, 0, 0
100, 0, 0
101, 0, 0
102, 0, 0
103, 0, 0
104, 0, 0
105, 0, 0
106, 0, 0
107, 0, 0
108, 0, 0
109, 0, 0
110, 0, 0
111, 0, 0
112, 0, 0
113, 0, 0
114, 0, 0
115, 0, 0
116, 0, 0
117, 0, 0
118, 0, 0
119, 0, 0
120, 0, 0
121, 0, 0
122, 0, 0
123, 0, 0
124, 0, 0
125, 0, 0
126, 0, 0
127, 0, 0
128, 0, 0
129, 0, 0
130, 0, 0
131, 0, 0
132, 0, 0
133, 0, 0
134, 0, 0
135, 0, 0
136, 0, 0
137, 0, 0
138, 0, 0
139, 0, 0
140, 0, 0
141, 0, 0
142, 0, 0
143, 0, 0
144, 0, 0
145, 0, 0
146, 0, 0
147, 0, 0
148, 0, 0
149, 0, 0
150, 0, 0
151, 0, 0
152, 0, 0
153, 0, 0
154, 0, 0
155, 0, 0
156, 0, 0
157, 0, 0
158, 0, 0
159, 0, 0
160, 0, 0
161, 0, 0
162, 0, 0
163, 0, 0
164, 0, 0
165, 0, 0
166, 0, 0
167, 0, 0
168, 0, 0
169, 0, 0
170, 0, 0
171, 0, 0
172, 0, 0
173, 0, 0
174, 0, 0
175, 0, 0
176, 0, 0
177, 0, 0
178, 0, 0
179, 0, 0
180, 0, 0
181, 0, 0
182, 0, 0
183, 0, 0
184, 0, 0
185, 0, 0
186, 0, 0
187, 0, 0
188, 0, 0
189, 0, 0
190, 0, 0
191, 0, 0
192, 0, 0
193, 0, 0
194, 0, 0
195, 0, 0
196, 0, 0
197, 0, 0
198, 0, 0
199, 0, 0
200, 0, 0
201, 0, 0
202, 0, 0
203, 0, 0
204, 0, 0
205, 0, 0
206, 0, 0
207, 0, 0
208, 0, 0
209, 0, 0
210, 0, 0
211, 0, 0
212, 0, 0
213, 0, 0
214, 0, 0
215, 0, 0
216, 0, 0
217, 0, 0
218, 0, 0
219, 0, 0
220, 0, 0
221, 0, 0
222, 0, 0
223, 0, 0
224, 0, 0
225, 0, 0
226, 0, 0
227, 0, 0
228, 0, 0
229, 0, 0
230, 0, 0
231, 0, 0
232, 0, 0
233, 0, 0
234, 0, 0
235, 0, 0
236, 0, 0
237, 0, 0
238, 0, 0
239, 0, 0
240, 0, 0
241, 0, 0
242, 0, 0
243, 0, 0
244, 0, 0
245, 0, 0
246, 0, 0
247, 0, 0
248, 0, 0
249, 0, 0
250, 0, 0
251, 0, 0
252, 0, 0
253, 0, 0
254, 0, 0
255, 0, 0
256, 0, 0
257, 0, 0
258, 0, 0
259, 0, 0
260, 0, 0
261, 0, 0
262, 0, 0
263, 0, 0
264, 0, 0
265, 0, 0
266, 0, 0
267, 0, 0
268, 0, 0
269, 0, 0
270, 0, 0
271, 0, 0
272, 0, 0
273, 0, 0
274, 0, 0
275, 0, 0
276, 0, 0
277, 0, 0
278, 0, 0
279, 0, 0
280, 0, 0
281, 0, 0
282, 0, 0
283, 0, 0
284, 0, 0
285, 0, 0
286, 0, 0
287, 0, 0
288, 0, 0
289, 0, 0
290, 0, 0
291, 0, 0
292, 0, 0
293, 0, 0
294, 0, 0
295, 0, 0
296, 0, 0
297, 0, 0
298, 0, 0
299, 0, 0
300, 0, 0
301, 0, 0
302, 0, 0
303, 0, 0
304, 0, 0
305, 0, 0
306, 0, 0
307, 0, 0
308, 0, 0
309, 0, 0
310, 0, 0
311, 0, 0
312, 0, 0
313, 0, 0
314, 0, 0
315, 0, 0
316, 0, 0
317, 0, 0
318, 0, 0
319, 0, 0
320, 0, 0
321, 0, 0
322, 0, 0
323, 0, 0
324, 0, 0
325, 0, 0
326, 0, 0
327, 0, 0
328, 0, 0
329, 0, 0
330, 0, 0
331, 0, 0
332, 0, 0
333, 0, 0
334, 0, 0
335, 0, 0
336, 0, 0
337, 0, 0
338, 0, 0
339, 0, 0
340, 0, 0
341, 0, 0
342, 0, 0
343, 0, 0
344, 0, 0
345, 0, 0
346, 0, 0
347, 0, 0
348, 0, 0
349, 0, 0
350, 0, 0
351, 0, 0
352, 0, 0
353, 0, 0
354, 0, 0
355, 0, 0
356, 0, 0
357, 0, 0
358, 0, 0
359, 0, 0
360, 0, 0
361, 0, 0
362, 0, 0
363, 0, 0
364, 0, 0
365, 0, 0
366, 0, 0
367, 0, 0
368, 0, 0
369, 0, 0
370, 0, 0
371, 0, 0
372, 0, 0
373, 0, 0
374, 0, 0
375, 0, 0
376, 0, 0
377, 0, 0
378, 0, 0
379, 0, 0
380, 0, 0
381, 0, 0
382, 0, 0
383, 0, 0
384, 0, 0
385, 0, 0
386, 0, 0
387, 0, 0
388, 0, 0
389, 0, 0
390, 0, 0
391, 0, 0
392, 0, 0
393, 0, 0
394, 0, 0
395, 0, 0
396, 0, 0
397, 0, 0
398, 0, 0
399, 0, 0
400, 0, 0
401, 0, 0
402, 0, 0
403, 0, 0
404, 0, 0
405, 0, 0
406, 0, 0
407, 0, 0
408, 0, 0
409, 0, 0
410, 0, 0
411, 0, 0
412, 0, 0
413, 0, 0
414, 0, 0
415, 0, 0
416, 0, 0
417, 0, 0
418, 0, 0
419, 0, 0
420, 0, 0
421, 0, 0
422, 0, 0
423, 0, 0
424, 0, 0
425, 0, 0
426, 0, 0
427, 0, 0
428, 0, 0
429, 0, 0
430, 0, 0
431, 0, 0
432, 0, 0
433, 0, 0
434, 0, 0
435, 0, 0
436, 0, 0
437, 0, 0
438, 0, 0
439, 0, 0
440, 0, 0
441, 0, 0
442, 0, 0
443, 0, 0
444, 0, 0
445, 0, 0
446, 0, 0
447, 0, 0
448, 0, 0
449, 0, 0
450, 0, 0
451, 0, 0
452, 0, 0
453, 0, 0
454, 0, 0
455, 0, 0
456, 0, 0
457, 0, 0
458, 0, 0
459, 0, 0
460, 0, 0
461, 0, 0
462, 0, 0
463, 0, 0
464, 0, 0
465, 0, 0
466, 0, 0
467, 0, 0
468, 0, 0
469, 0, 0
470, 0, 0
471, 0, 0
472, 0, 0
473, 0, 0
474, 0, 0
475, 0, 0
476, 0, 0
477, 0, 0
478, 0, 0
479, 0, 0
480, 0, 0
481, 0, 0
482, 0, 0
483, 0, 0
484, 0, 0
485, 0, 0
486, 0, 0
487, 0, 0
488, 0, 0
489, 0, 0
490, 0, 0
491, 0, 0
492, 0, 0
493, 0, 0
494, 0, 0
495, 0, 0
496, 0, 0
497, 0, 0
498, 0, 0
499, 0, 0
500, 0, 0
501, 0, 0
502, 0, 0
503, 0, 0
504, 0, 0
505, 0, 0
506, 0, 0
507, 0, 0
508, 0, 0
509, 0, 0
510, 0, 0
511, 0, 0
512, 0, 0
513, 0, 0
514, 0, 0
515, 0, 0
516, 0, 0
517, 0, 0
518, 0, 0
519, 0, 0
520, 0, 0
521, 0, 0
522, 0, 0
523, 0, 0
524, 0, 0
525, 0, 0
526, 0, 0
527, 0, 0
528, 0, 0
529, 0, 0
530, 0, 0
531, 0, 0
532, 0, 0
533, 0, 0
534, 0, 0
535, 0, 0
536, 0, 0
537, 0, 0
538, 0, 0
539, 0, 0
540, 0, 0
541, 0, 0
542, 0, 0
543, 0, 0
544, 0, 0
545, 0, 0
546, 0, 0
547, 0, 0
548, 0, 0
549, 0, 0
550, 0, 0
551, 0, 0
552, 0, 0
553, 0, 0
554, 0, 0
555, 0, 0
556, 0, 0
557, 0, 0
558, 0, 0
559, 0, 0
560, 0, 0
561, 0, 0
562, 0, 0
563, 0, 0
564, 0, 0
565, 0, 0
566, 0, 0
567, 0, 0
568, 0, 0
569, 0, 0
570, 0, 0
571, 0, 0
572, 0, 0
573, 0, 0
574, 0, 0
575, 0, 0
576, 0, 0
577, 0, 0
578, 0, 0
579, 0, 0
580, 0, 0
581, 0, 0
582, 0, 0
583, 0, 0
584, 0, 0
585, 0, 0
586, 0, 0
587, 0, 0
588, 0, 0
589, 0, 0
590, 0, 0
591, 0, 0
592, 0, 0
593, 0, 0
594, 0, 0
595, 0, 0
596, 0, 0
597, 0, 0
598, 0, 0
599, 0, 0
600, 44.7539, 45.4242
601, 0, 0
602, 0, 0
603, 0, 0
604, 0, 0
605, 0, 0
606, 0, 0
607, 0.53031, 0
608, 0, 0
609, 0, 0
610, 0, 0
611, 0, 0
612, 0, 0
613, 0, 0
614, 0, 0
615, 0, 0
616, 0, 0
617, 0, 0
618, 0, 0
619, 0.0120829, 0
620, 39.8403, 41.1315
621, 90.5817, 91.015
622, 61.6182, 64.5481
623, 97.4409, 97.0793
624, 64.4021, 66.0534
625, 90.1947, 90.3974
626, 89.0086, 88.7107
627, 76.9949, 77.8214
628, 99.3014, 99.3167
629, 80.0803, 81.9326
630, 88.7174, 90.8849
631, 99.7013, 100.325
632, 80.8009, 81.4111
633, 93.8038, 96.1429
634, 103.552, 105.031
635, 86.8412, 88.2985
636, 96.275, 98.8838
637, 109.679, 109.696
638, 97.3368, 97.9813
639, 91.6688, 95.7949
640, 107.929, 109.482
641, 110.648, 112.759
642, 99.2049, 102.244
643, 97.4467, 99.3288
644, 108.613, 110.642
645, 112.054, 114.007
646, 40.7917, 40.8671
647, 0, 0
648, 0, 0
649, 0, 0
650, 0, 0
651, 0, 0
652, 0, 0.723207
653, 0, 0
654, 0, 0
655, 0, 0
656, 0, 0
657, 44.5753, 44.4023
658, 115.729, 117.617
659, 125.616, 126.814
660, 126.953, 129.522
661, 126.486, 128.802
662, 124.856, 127.454
663, 124.835, 128.645
664, 124.194, 127.088
665, 125.972, 127.818
666, 128.495, 131.271
667, 131.347, 135.259
668, 132.133, 134.061
669, 136.092, 136.758
670, 134.872, 136.953
671, 136.122, 136.72
672, 136.263, 134.039
673, 136.803, 136.421
674, 137.261, 135.761
675, 135.887, 136.92
676, 138.909, 139.795
677, 140.083, 140.692
678, 140.861, 142.18
679, 142.757, 143.011
680, 142.921, 143.977
681, 143.446, 144.952
682, 143.018, 144.698
683, 144.598, 146.093
684, 144.884, 146.025
685, 149.213, 149.085
686, 149.461, 150.307
687, 150.686, 150.563
688, 152.709, 153.861
689, 154.008, 154.924
690, 154.486, 156.369
691, 158.656, 159.557
692, 159.249, 161.494
693, 160.365, 160.012
694, 158.229, 159.351
695, 159.075, 159.07
696, 159.325, 160.592
697, 161.355, 161.183
698, 163.147, 162.572
699, 161.475, 162.502
700, 162.209, 164.017
701, 160.658, 163.108
702, 162.729, 163.657
703, 166.307, 168.274
704, 168.914, 171.953
705, 173.682, 174.383
706, 171.344, 162.278
707, 171.349, 161.776
708, 170.446, 163.211
709, 170.629, 165.411
710, 175.237, 171.724
711, 182.506, 168.653
712, 176.819, 177.925
713, 176.236, 178.221
714, 176.126, 177.217
715, 181.982, 181.793
716, 178.43, 176.954
717, 175.593, 175.678
718, 172.535, 174.69
719, 182.787, 184.733
720, 184.469, 184.3
721, 181.923, 182.18
722, 180.152, 179.061
723, 184.979, 184.632
724, 181.109, 183.486
725, 177.265, 182.43
726, 186.337, 188.253
727, 191.399, 189.514
728, 184.742, 183.78
729, 188.01, 186.965
730, 190.98, 188.831
731, 187.925, 187.981
732, 188.298, 189.006
733, 190.473, 192.572
734, 192.388, 195.115
735, 190.005, 190.139
736, 195.271, 187.483
737, 206.28, 195.108
738, 197.421, 195.203
739, 193.922, 194.231
740, 194.515, 194.381
741, 197.995, 197.283
742, 194.805, 194.767
743, 200.89, 200.707
744, 197.219, 200.072
745, 202.679, 199.876
746, 199.656, 195.445
747, 212.102, 205.404
748, 219.588, 208.789
749, 205.344, 193.988
750, 214.121, 205.092
751, 205.52, 195.414
752, 220.074, 212.781
753, 207.213, 201.848
754, 219.668, 216.169
755, 215.216, 213.645
756, 216.763, 211.992
757, 223.639, 218.72
758, 229.037, 218.743
759, 228.662, 216.195
760, 228.761, 219.554
761, 231.994, 222.997
762, 236.349, 219.131
763, 226.618, 220.751
764, 227.981, 222.691
765, 222.801, 223.528
766, 226.438, 224.871
767, 235.115, 225.446
768, 235.353, 223.863
769, 240.191, 227.098
770, 236.483, 229.559
771, 242.125, 219.445
772, 240.582, 230.188
773, 242.111, 227.492
774, 247.169, 235.514
775, 246.738, 234.052
776, 245.822, 233.778
777, 254.111, 236.334
778, 256.312, 235.562
779, 242.285, 237.039
780, 242.702, 229.453
781, 246.778, 239.684
782, 242.186, 235.141
783, 247.385, 240.393
784, 250.801, 243.392
785, 252.06, 244.97
786, 255.498, 243.196
787, 259.542, 243.05
788, 260.373, 254.4
789, 257.793, 256.032
790, 255.732, 254.017
791, 259.541, 251.281
792, 260.078, 256.433
793, 261.92, 253.756
794, 258.396, 253.442
795, 262.491, 255.868
796, 263.719, 254.934
797, 272.224, 265.482
798, 270.696, 264.731
799, 274.322, 270.562
800, 266.006, 267.793
801, 267.93, 268.979
802, 269.232, 275.193
803, 266.671, 265.115
804, 274.382, 271.917
805, 275.301, 275.35
806, 274.709, 273.272
807, 272.867, 273.874
808, 281.275, 278.128
809, 277.243, 279.181
810, 280.937, 284.28
811, 277.328, 284.497
812, 282.06, 284.805
813, 287.345, 286.932
814, 285.071, 280.652
815, 290.235, 290.657
816, 285.871, 284.906
817, 291.105, 291.707
818, 284.028, 291.16
819, 288.999, 293.92
820, 286.795, 293.517
821, 284.843, 295.373
822, 283.034, 291.356
823, 286.431, 294.669
824, 288.215, 296.164
825, 295.495, 303.402
826, 293.495, 300.378
827, 291.588, 298.289
828, 295.546, 302.956
829, 295.473, 304.017
830, 287.608, 294.498
831, 297.701, 298.542
832, 294.853, 303.98
833, 296.116, 301.536
834, 300.336, 301.436
835, 295.582, 302.2
836, 296.409, 303.865
837, 299.992, 302.96
838, 297.805, 302.339
839, 304.116, 304.927
840, 303.192, 307.403
841, 309.252, 309.141
842, 314.614, 317.756
843, 314.278, 314.312
844, 319.913, 319.235
845, 309.651, 307.87
846, 310.531, 318.345
847, 316.161, 319.906
848, 317.112, 321.763
849, 318.247, 328.226
850, 325.447, 329.134
851, 324.532, 326.845
852, 319.543, 321.666
853, 316.861, 317.688
854, 319.032, 325.583
855, 315.902, 316.723
856, 319.206, 324.885
857, 319.167, 320.453
858, 318.878, 326.179
859, 323.775, 322.386
860, 323.492, 327.926
861, 320.703, 325.659
862, 325.036, 325.212
863, 327.712, 330.34
864, 322.89, 325.429
865, 326.61, 328.098
866, 325.74, 331.912
867, 331.487, 332.334
868, 346.566, 346.549
869, 346.896, 343.688
870, 336.713, 326.377
871, 335.695, 332.091
872, 339.879, 334.785
873, 341.45, 337.516
874, 345.898, 344.768
875, 356.277, 348.92
876, 341.301, 335.093
877, 348.468, 342.859
878, 356.41, 354.032
879, 355.838, 342.367
880, 351.701, 351.714
881, 362.689, 357.802
882, 353.169, 348.186
883, 355.019, 359.956
884, 357.967, 347.135
885, 347.328, 334.62
886, 352.585, 356.147
887, 360.461, 359.313
888, 354.15, 344.912
889, 354.448, 351.764
890, 362.201, 356.095
891, 357.972, 345.444
892, 363.923, 358.492
893, 359.711, 352.078
894, 358.548, 355.59
895, 363.593, 357.041
896, 357.682, 350.079
897, 367.676, 363.51
898, 370.396, 357.43
899, 369.33, 361.042
900, 371.305, 363.298
901, 374.985, 366.808
902, 372.384, 366.549
903, 368.99, 361.869
904, 374.312, 367.154
905, 370.393, 366.14
906, 365.99, 361.239
907, 374.574, 375.792
908, 368.357, 365.034
909, 373.162, 377.352
910, 375.975, 378.589
911, 375.654, 378.047
912, 370.003, 372.014
913, 375.343, 376.703
914, 382.181, 379.026
915, 382.522, 373.672
916, 380.523, 376.437
917, 384.313, 379.691
918, 391.33, 386.036
919, 378.223, 382.555
920, 383.496, 383.902
921, 390.406, 388.882
922, 391.088, 386.126
923, 385.149, 386.38
924, 385.741, 386.49
925, 389.002, 391.339
926, 392.209, 395.547
927, 386.026, 385.688
928, 391.612, 382.66
929, 389.57, 386.359
930, 388.571, 387.387
931, 387.399, 383.04
932, 389.396, 386.733
933, 390.125, 391.582
934, 387.278, 388.149
935, 394.666, 388.938
936, 391.218, 387.878
937, 386.725, 387.289
938, 390.834, 388.594
939, 394.76, 388.671
940, 400.597, 396.371
941, 389.454, 395.987
942, 390.507, 390.425
943, 398.209, 392.415
944, 395.209, 389.096
945, 393.327, 391.09
946, 395.76, 391.8
947, 396.682, 393.473
948, 397.528, 393.108
949, 397.094, 389.336
950, 400.46, 390.512
951, 400.29, 395.117
952, 398.296, 396.65
953, 396.544, 397.384
954, 398.363, 393.505
955, 403.793, 401.333
956, 400.622, 400.543
957, 398.648, 397.789
958, 401.638, 400.148
959, 401.717, 400.069
960, 405.038, 399.549
961, 409.95, 403.886
962, 403.54, 403.787
963, 401.894, 401.332
964, 402.505, 405.729
965, 399.169, 402.19
966, 409.423, 400.045
967, 409.687, 408.469
968, 409.381, 409.703
969, 412.272, 411.289
970, 410.779, 408.363
971, 412.559, 409.19
972, 413.41, 407.216
973, 420.911, 410.501
974, 410.95, 409.125
975, 419.446, 410.644
976, 442.429, 437.773
977, 445.333, 441.931
978, 452.174, 444.832
979, 451.059, 444.261
980, 452.032, 449.462
981, 456.635, 447.354
982, 453.455, 448.756
983, 453.626, 450.52
984, 454.636, 447.829
985, 454.325, 446.745
986, 453.573, 451.943
987, 455.391, 449.275
988, 456.211, 453.08
989, 458.291, 453.9
990, 457.942, 448.711
991, 459.163, 447.116
992, 456.807, 450.064
993, 456.831, 451.876
994, 458.717, 450.057
995, 458.803, 450.154
996, 457.288, 448.062
997, 458.658, 449.011
998, 444.449, 448.158
999, 456.536, 446.743
1000, 458.213, 449.975
1001, 455.956, 447.504
1002, 457.105, 451.076
1003, 461.438, 452.391
1004, 464.196, 453.494
1005, 460.909, 449.991
1006, 457.996, 451.019
1007, 462.012, 456.591
1008, 462.154, 456.61
1009, 456.488, 444.57
1010, 456.2, 451.601
1011, 460.335, 454.388
1012, 470.722, 460.743
1013, 465.045, 454.984
1014, 462.959, 448.233
1015, 460.614, 449.727
1016, 454.686, 448.437
1017, 460.036, 453.342
1018, 461.496, 455.798
1019, 462.138, 450.999
1020, 455.749, 452.63
1021, 455.619, 453.755
1022, 458.868, 455.736
1023, 457.858, 451.939
1024, 460.23, 454.328
