-1024 -653.62 NaN
-1023 -654.729 NaN
-1022 -654.46 NaN
-1021 -653.963 NaN
-1020 -657.942 NaN
-1019 -655.566 NaN
-1018 -654.06 NaN
-1017 -655.533 NaN
-1016 -653.369 NaN
-1015 -656.305 NaN
-1014 -653.179 NaN
-1013 -651.872 NaN
-1012 -655.353 NaN
-1011 -649.822 NaN
-1010 -647.7 NaN
-1009 -642.607 NaN
-1008 -650.039 NaN
-1007 -653.863 NaN
-1006 -648.401 NaN
-1005 -653.317 NaN
-1004 -650.948 NaN
-1003 -655.039 NaN
-1002 -654.774 NaN
-1001 -652.306 NaN
-1000 -652.77 NaN
-999 -650.92 NaN
-998 -652.196 NaN
-997 -655.38 NaN
-996 -651.184 NaN
-995 -650.709 NaN
-994 -652.92 NaN
-993 -649.515 NaN
-992 -639.157 NaN
-991 -637 NaN
-990 -635.886 NaN
-989 -644.902 NaN
-988 -590.576 NaN
-987 -453.414 NaN
-986 -394.921 NaN
-985 -378.545 NaN
-984 -370.854 NaN
-983 -370.256 NaN
-982 -365.696 NaN
-981 -367.554 NaN
-980 -365.062 NaN
-979 -363.047 NaN
-978 -364.047 NaN
-977 -360.209 NaN
-976 -364.938 NaN
-975 -360.442 NaN
-974 -363.731 NaN
-973 -366.265 NaN
-972 -364.245 NaN
-971 -364.945 NaN
-970 -357.639 NaN
-969 -359.364 NaN
-968 -356.896 NaN
-967 -360.788 NaN
-966 -355.374 NaN
-965 -357.953 NaN
-964 -354.883 NaN
-963 -353.648 NaN
-962 -351.598 NaN
-961 -354.296 NaN
-960 -350.817 NaN
-959 -353.557 NaN
-958 -348.887 NaN
-957 -351.21 NaN
-956 -420.141 NaN
-955 -499.195 NaN
-954 -547.494 NaN
-953 -560.321 NaN
-952 -566.472 NaN
-951 -570.186 NaN
-950 -576.573 NaN
-949 -579.502 NaN
-948 -580.417 NaN
-947 -580.601 NaN
-946 -583.684 NaN
-945 -583.237 NaN
-944 -583.901 NaN
-943 -583.689 NaN
-942 -586.05 NaN
-941 -581.401 NaN
-940 -584.631 NaN
-939 -582.992 NaN
-938 -583.907 NaN
-937 -590.614 NaN
-936 -585.734 NaN
-935 -581.734 NaN
-934 -581.678 NaN
-933 -579.732 NaN
-932 -579.566 NaN
-931 -577.424 NaN
-930 -578.992 NaN
-929 -577.661 NaN
-928 -575.905 NaN
-927 -576.371 NaN
-926 -572.998 NaN
-925 -569.063 NaN
-924 -560.666 NaN
-923 -561.887 NaN
-922 -547.615 NaN
-921 -546.636 NaN
-920 -548.651 NaN
-919 -549.873 NaN
-918 -548.081 NaN
-917 -552.846 NaN
-916 -544.986 NaN
-915 -543.67 NaN
-914 -542.644 NaN
-913 -539.987 NaN
-912 -537.461 NaN
-911 -536.738 NaN
-910 -535.257 NaN
-909 -531.303 NaN
-908 -510.569 NaN
-907 -387.128 NaN
-906 -326.842 NaN
-905 -317.46 NaN
-904 -306.009 NaN
-903 -301.284 NaN
-902 -294.919 NaN
-901 -294.774 NaN
-900 -302.652 NaN
-899 -307.008 NaN
-898 -307.091 NaN
-897 -306.209 NaN
-896 -299.041 NaN
-895 -293.773 NaN
-894 -287.874 NaN
-893 -284.95 NaN
-892 -276.078 NaN
-891 -248.014 NaN
-890 -235.694 NaN
-889 -226.287 NaN
-888 -221.734 NaN
-887 -215.665 NaN
-886 -213.061 NaN
-885 -215.554 NaN
-884 -195.518 NaN
-883 -180.919 NaN
-882 -199 NaN
-881 -189.498 NaN
-880 -182.997 NaN
-879 -179.801 NaN
-878 -189.786 NaN
-877 -133.166 NaN
-876 -130.111 NaN
-875 -140.834 NaN
-874 -104.591 NaN
-873 -165.018 NaN
-872 -187.803 NaN
-871 -117.731 NaN
-870 -97.2206 NaN
-869 -78.1919 NaN
-868 -69.0609 NaN
-867 -67.6989 NaN
-866 -73.21 NaN
-865 -67.0264 NaN
-864 -66.9381 NaN
-863 -69.3028 NaN
-862 -78.4796 NaN
-861 -66.9221 NaN
-860 -95.852 NaN
-859 -69.0545 NaN
-858 -97.0013 NaN
-857 -98.6638 NaN
-856 -64.061 NaN
-855 -66.4188 NaN
-854 -69.9029 NaN
-853 -65.5237 NaN
-852 -56.1045 NaN
-851 -69.361 NaN
-850 -50.3114 NaN
-849 -78.1092 NaN
-848 -47.8676 NaN
-847 -79.6704 NaN
-846 -47.2568 NaN
-845 -56.0756 NaN
-844 -65.6058 NaN
-843 -37.5896 NaN
-842 -79.5553 NaN
-841 -45.1347 NaN
-840 -33.2264 NaN
-839 -73.7391 NaN
-838 -51.8912 NaN
-837 -44.6652 NaN
-836 -51.2681 NaN
-835 -57.4667 NaN
-834 -58.8357 NaN
-833 -42.7323 NaN
-832 -35.0686 NaN
-831 -63.0786 NaN
-830 -39.6453 NaN
-829 -32.49 NaN
-828 -42.1267 NaN
-827 -46.1535 NaN
-826 -53.664 NaN
-825 -40.3329 NaN
-824 -43.9631 NaN
-823 -48.0338 NaN
-822 -52.6214 NaN
-821 -46.7578 NaN
-820 -38.3939 NaN
-819 -53.6801 NaN
-818 -42.5027 NaN
-817 -59.815 NaN
-816 -69.8646 NaN
-815 -37.8092 NaN
-814 -43.2149 NaN
-813 -65.393 NaN
-812 -51.7141 NaN
-811 -52.0251 NaN
-810 -47.8077 NaN
-809 -39.0998 NaN
-808 -62.6539 NaN
-807 -51.4074 NaN
-806 -32.9131 NaN
-805 -82.7634 NaN
-804 -40.4453 NaN
-803 -37.5359 NaN
-802 -65.4442 NaN
-801 -35.0015 NaN
-800 -24.3569 NaN
-799 -80.2007 NaN
-798 -34.4246 NaN
-797 -17.8292 NaN
-796 -48.8653 NaN
-795 -48.9724 NaN
-794 -13.3379 NaN
-793 -12.825 NaN
-792 -0.440919 NaN
-791 -11.6903 NaN
-790 -0.943379 NaN
-789 -5.05471 NaN
-788 -0 NaN
-787 -0 NaN
-786 -1.69876 NaN
-785 -0.398864 NaN
-784 -2.77128 NaN
-783 -0 NaN
-782 -0 NaN
-781 -0 NaN
-780 -1.28553 NaN
-779 -0 NaN
-778 -0 NaN
-777 -0 NaN
-776 -0 NaN
-775 -0 NaN
-774 -0 NaN
-773 -0 NaN
-772 -0 NaN
-771 -88.3212 NaN
-770 -16.125 NaN
-769 -7.39599 NaN
-768 -23.8774 NaN
-767 -38.5107 NaN
-766 -41.2067 NaN
-765 -19.8813 NaN
-764 -5.5283 NaN
-763 -26.9955 NaN
-762 -5.61809 NaN
-761 -0 NaN
-760 -9.49185 NaN
-759 -0.0658156 NaN
-758 -0 NaN
-757 -0 NaN
-756 -0 NaN
-755 -0 NaN
-754 -0 NaN
-753 -8.87628 NaN
-752 -15.1518 NaN
-751 -0 NaN
-750 -0 NaN
-749 -0 NaN
-748 -0 NaN
-747 -0 NaN
-746 -0 NaN
-745 -0 NaN
-744 -0 NaN
-743 -0 NaN
-742 -0 NaN
-741 -0 NaN
-740 -0 NaN
-739 -0 NaN
-738 -0 NaN
-737 -0 NaN
-736 -0 NaN
-735 -0 NaN
-734 -0 NaN
-733 -0 NaN
-732 -0 NaN
-731 -0 NaN
-730 -0 NaN
-729 -0 NaN
-728 -0 NaN
-727 -0 NaN
-726 -0 NaN
-725 -0 NaN
-724 -0 NaN
-723 -0 NaN
-722 -0 NaN
-721 -0 NaN
-720 -0 NaN
-719 -0 NaN
-718 -0 NaN
-717 -0 NaN
-716 -0 NaN
-715 -0 NaN
-714 -0 NaN
-713 -0 NaN
-712 -0 NaN
-711 -0 NaN
-710 -0 NaN
-709 -0 NaN
-708 -0 NaN
-707 -0 NaN
-706 -0 NaN
-705 -0 NaN
-704 -0 NaN
-703 -0 NaN
-702 -0 NaN
-701 -0 NaN
-700 -0 NaN
-699 -0 NaN
-698 -0 NaN
-697 -0 NaN
-696 -0 NaN
-695 -0 NaN
-694 -0 NaN
-693 -0 NaN
-692 -0 NaN
-691 -0 NaN
-690 -0 NaN
-689 -0 NaN
-688 -0 NaN
-687 -0 NaN
-686 -0 NaN
-685 -0 NaN
-684 -0 NaN
-683 -0 NaN
-682 -0 NaN
-681 -0 NaN
-680 -0 NaN
-679 -0 NaN
-678 -0 NaN
-677 -0 NaN
-676 -0 NaN
-675 -0 NaN
-674 -0 NaN
-673 -0 NaN
-672 -0 NaN
-671 -0 NaN
-670 -0 NaN
-669 -0 NaN
-668 -0 NaN
-667 -0 NaN
-666 -0 NaN
-665 -0 NaN
-664 -0 NaN
-663 -0 NaN
-662 -0 NaN
-661 -0 NaN
-660 -0 NaN
-659 -0 NaN
-658 -0 NaN
-657 -0 NaN
-656 -0 NaN
-655 -0 NaN
-654 -0 NaN
-653 -0 NaN
-652 -0 NaN
-651 -0 NaN
-650 -0 NaN
-649 -0 NaN
-648 -0 NaN
-647 -0 NaN
-646 -0 NaN
-645 -0 NaN
-644 -0 NaN
-643 -0 NaN
-642 -0 NaN
-641 -0 NaN
-640 -0 NaN
-639 -0 NaN
-638 -0 NaN
-637 -0 NaN
-636 -0 NaN
-635 -0 NaN
-634 -0 NaN
-633 -0 NaN
-632 -0 NaN
-631 -0 NaN
-630 -0 NaN
-629 -0 NaN
-628 -0 NaN
-627 -0 NaN
-626 -0 NaN
-625 -0 NaN
-624 -0 NaN
-623 -0 NaN
-622 -0 NaN
-621 -0 NaN
-620 -0 NaN
-619 -0 NaN
-618 -0 NaN
-617 -0 NaN
-616 -0 NaN
-615 -0 NaN
-614 -0 NaN
-613 -0 NaN
-612 -0 NaN
-611 -0 NaN
-610 -0 NaN
-609 -0 NaN
-608 -0 NaN
-607 -0 NaN
-606 -0 NaN
-605 -0 NaN
-604 -0 NaN
-603 -0 NaN
-602 -0 NaN
-601 -0 NaN
-600 -0 NaN
-599 -0 NaN
-598 -13.308 NaN
-597 -0.44723 NaN
-596 -0 NaN
-595 -0 NaN
-594 -0 NaN
-593 -0 NaN
-592 -0 NaN
-591 -0 NaN
-590 -0 NaN
-589 -0 NaN
-588 -0 NaN
-587 -0 NaN
-586 -0 NaN
-585 -0 NaN
-584 -0 NaN
-583 -0 NaN
-582 -0 NaN
-581 -0 NaN
-580 -0 NaN
-579 -0 NaN
-578 -0 NaN
-577 -0 NaN
-576 -0 NaN
-575 -0 NaN
-574 -0 NaN
-573 -0 NaN
-572 -0 NaN
-571 -0 NaN
-570 -0 NaN
-569 -0 NaN
-568 -0 NaN
-567 -0 NaN
-566 -0 NaN
-565 -0 NaN
-564 -0 NaN
-563 -0 NaN
-562 -0 NaN
-561 -0 NaN
-560 -0 NaN
-559 -0 NaN
-558 -0 NaN
-557 -0 NaN
-556 -0 NaN
-555 -16.6241 NaN
-554 -9.64645 NaN
-553 -0 NaN
-552 -0 NaN
-551 -0 NaN
-550 -0 NaN
-549 -0 NaN
-548 -0 NaN
-547 -0 NaN
-546 -0 NaN
-545 -0 NaN
-544 -0 NaN
-543 -0 NaN
-542 -0 NaN
-541 -0 NaN
-540 -0 NaN
-539 -0 NaN
-538 -0 NaN
-537 -0 NaN
-536 -0 NaN
-535 -0.961751 NaN
-534 -0 NaN
-533 -0 NaN
-532 -0 NaN
-531 -0 NaN
-530 -0 NaN
-529 -0 NaN
-528 -0 NaN
-527 -0 NaN
-526 -0 NaN
-525 -0 NaN
-524 -0 NaN
-523 -0 NaN
-522 -0 NaN
-521 -0 NaN
-520 -0 NaN
-519 -0 NaN
-518 -0 NaN
-517 -0 NaN
-516 -0 NaN
-515 -0 NaN
-514 -0 NaN
-513 -0 NaN
-512 -0 NaN
-511 -0 NaN
-510 -0 NaN
-509 -0 NaN
-508 -0 NaN
-507 -0 NaN
-506 -0 NaN
-505 -0 NaN
-504 -0 NaN
-503 -0 NaN
-502 -0 NaN
-501 -0 NaN
-500 -0 NaN
-499 -0 NaN
-498 -0 NaN
-497 -0 NaN
-496 -0 NaN
-495 -0 NaN
-494 -0 NaN
-493 -0 NaN
-492 -0 NaN
-491 -0 NaN
-490 -0 NaN
-489 -0 NaN
-488 -0 NaN
-487 -0 NaN
-486 -0 NaN
-485 -0 NaN
-484 -0 NaN
-483 -0 NaN
-482 -0 NaN
-481 -0 NaN
-480 -0 NaN
-479 -0 NaN
-478 -0 NaN
-477 -0 NaN
-476 -0 NaN
-475 -0 NaN
-474 -0 NaN
-473 -0 NaN
-472 -0 NaN
-471 -0 NaN
-470 -0 NaN
-469 -0 NaN
-468 -0 NaN
-467 -0 NaN
-466 -0 NaN
-465 -0 NaN
-464 -0 NaN
-463 -0 NaN
-462 -0 NaN
-461 -0 NaN
-460 -0 NaN
-459 -0 NaN
-458 -0 NaN
-457 -0 NaN
-456 -0 NaN
-455 -0 NaN
-454 -0 NaN
-453 -0 NaN
-452 -0 NaN
-451 -0 NaN
-450 -0 NaN
-449 -0 NaN
-448 -0 NaN
-447 -0 NaN
-446 -0 NaN
-445 -0 NaN
-444 -0 NaN
-443 -0 NaN
-442 -0 NaN
-441 -0 NaN
-440 -0 NaN
-439 -0 NaN
-438 -0 NaN
-437 -0 NaN
-436 -0 NaN
-435 -0 NaN
-434 -0 NaN
-433 -0 NaN
-432 -0 NaN
-431 -0 NaN
-430 -0 NaN
-429 -0 NaN
-428 -0 NaN
-427 -0 NaN
-426 -0 NaN
-425 -0 NaN
-424 -0 NaN
-423 -0 NaN
-422 -0 NaN
-421 -0 NaN
-420 -0 NaN
-419 -0 NaN
-418 -0 NaN
-417 -0 NaN
-416 -0 NaN
-415 -0 NaN
-414 -0 NaN
-413 -0 NaN
-412 -0 NaN
-411 -0 NaN
-410 -0 NaN
-409 -0 NaN
-408 -0 NaN
-407 -0 NaN
-406 -0 NaN
-405 -0 NaN
-404 -0 NaN
-403 -0 NaN
-402 -0 NaN
-401 -0 NaN
-400 -0 NaN
-399 0 NaN
-398 0 NaN
-397 0 NaN
-396 0 NaN
-395 0 NaN
-394 0 NaN
-393 0 NaN
-392 0 NaN
-391 0 NaN
-390 0 NaN
-389 0 NaN
-388 0 NaN
-387 0 NaN
-386 0 NaN
-385 0 NaN
-384 0 NaN
-383 0 NaN
-382 0 NaN
-381 0 NaN
-380 0 NaN
-379 0 NaN
-378 0 NaN
-377 0 NaN
-376 0 NaN
-375 0 NaN
-374 0 NaN
-373 0 NaN
-372 0 NaN
-371 0 NaN
-370 0 NaN
-369 0 NaN
-368 0 NaN
-367 0 NaN
-366 0 NaN
-365 0 NaN
-364 0 NaN
-363 0 NaN
-362 0 NaN
-361 0 NaN
-360 0 NaN
-359 0 NaN
-358 0 NaN
-357 0 NaN
-356 0 NaN
-355 0 NaN
-354 0 NaN
-353 0 NaN
-352 0 NaN
-351 0 NaN
-350 0 NaN
-349 0 NaN
-348 0 NaN
-347 0 NaN
-346 0 NaN
-345 0 NaN
-344 0 NaN
-343 0 NaN
-342 0 NaN
-341 0 NaN
-340 0 NaN
-339 0 NaN
-338 0 NaN
-337 0 NaN
-336 0 NaN
-335 0 NaN
-334 0 NaN
-333 0 NaN
-332 0 NaN
-331 0 NaN
-330 0 NaN
-329 0 NaN
-328 0 NaN
-327 0 NaN
-326 0 NaN
-325 0 NaN
-324 0 NaN
-323 0 NaN
-322 0 NaN
-321 0 NaN
-320 0 NaN
-319 0 NaN
-318 0 NaN
-317 0 NaN
-316 0 NaN
-315 0 NaN
-314 0 NaN
-313 0 NaN
-312 0 NaN
-311 0 NaN
-310 0 NaN
-309 0 NaN
-308 0 NaN
-307 0 NaN
-306 0 NaN
-305 0 NaN
-304 0 NaN
-303 0 NaN
-302 0 NaN
-301 0 NaN
-300 0 NaN
-299 0 NaN
-298 0 NaN
-297 0 NaN
-296 0 NaN
-295 0 NaN
-294 0 NaN
-293 0 NaN
-292 0 NaN
-291 0 NaN
-290 0 NaN
-289 0 NaN
-288 0 NaN
-287 0 NaN
-286 0 NaN
-285 0 NaN
-284 0 NaN
-283 0 NaN
-282 0 NaN
-281 0 NaN
-280 0 NaN
-279 0 NaN
-278 0 NaN
-277 0 NaN
-276 0 NaN
-275 0 NaN
-274 0 NaN
-273 0 NaN
-272 0 NaN
-271 0 NaN
-270 0 NaN
-269 0 NaN
-268 0 NaN
-267 0 NaN
-266 0 NaN
-265 0 NaN
-264 0 NaN
-263 0 NaN
-262 0 NaN
-261 0 NaN
-260 0 NaN
-259 0 NaN
-258 0 NaN
-257 0 NaN
-256 0 NaN
-255 0 NaN
-254 0 NaN
-253 0 NaN
-252 0 NaN
-251 0 NaN
-250 0 NaN
-249 0 NaN
-248 0 NaN
-247 0 NaN
-246 0 NaN
-245 0 NaN
-244 0 NaN
-243 0 NaN
-242 0 NaN
-241 0 NaN
-240 0 NaN
-239 0 NaN
-238 0 NaN
-237 0 NaN
-236 0 NaN
-235 0 NaN
-234 0 NaN
-233 0 NaN
-232 0 NaN
-231 0 NaN
-230 0 NaN
-229 0 NaN
-228 0 NaN
-227 0 NaN
-226 0 NaN
-225 0 NaN
-224 0 NaN
-223 0 NaN
-222 0 NaN
-221 0 NaN
-220 0 NaN
-219 0 NaN
-218 0 NaN
-217 0 NaN
-216 0 NaN
-215 0 NaN
-214 0 NaN
-213 0 NaN
-212 0 NaN
-211 0 NaN
-210 0 NaN
-209 0 NaN
-208 0 NaN
-207 0 NaN
-206 0 NaN
-205 0 NaN
-204 0 NaN
-203 0 NaN
-202 0 NaN
-201 0 NaN
-200 0 NaN
-199 0 NaN
-198 0 NaN
-197 0 NaN
-196 0 NaN
-195 0 NaN
-194 0 NaN
-193 0 NaN
-192 0 NaN
-191 0 NaN
-190 0 NaN
-189 0 NaN
-188 0 NaN
-187 0 NaN
-186 0 NaN
-185 0 NaN
-184 0 NaN
-183 0 NaN
-182 0 NaN
-181 0 NaN
-180 0 NaN
-179 0 NaN
-178 0 NaN
-177 0 NaN
-176 0 NaN
-175 0 NaN
-174 0 NaN
-173 0 NaN
-172 0 NaN
-171 0 NaN
-170 0 NaN
-169 0 NaN
-168 0 NaN
-167 0 NaN
-166 0 NaN
-165 0 NaN
-164 0 NaN
-163 0 NaN
-162 0 NaN
-161 0 NaN
-160 0 NaN
-159 0 NaN
-158 0 NaN
-157 0 NaN
-156 0 NaN
-155 0 NaN
-154 0 NaN
-153 0 NaN
-152 0 NaN
-151 0 NaN
-150 0 NaN
-149 0 NaN
-148 0 NaN
-147 0 NaN
-146 0 NaN
-145 0 NaN
-144 0 NaN
-143 0 NaN
-142 0 NaN
-141 0 NaN
-140 0 NaN
-139 0 NaN
-138 0 NaN
-137 0 NaN
-136 0 NaN
-135 0 NaN
-134 0 NaN
-133 0 NaN
-132 0 NaN
-131 0 NaN
-130 0 NaN
-129 0 NaN
-128 0 NaN
-127 0 NaN
-126 0 NaN
-125 0 NaN
-124 0 NaN
-123 0 NaN
-122 0 NaN
-121 0 NaN
-120 0 NaN
-119 0 NaN
-118 0 NaN
-117 0 NaN
-116 0 NaN
-115 0 NaN
-114 0 NaN
-113 0 NaN
-112 0 NaN
-111 0 NaN
-110 0 NaN
-109 0 NaN
-108 0 NaN
-107 0 NaN
-106 0 NaN
-105 0 NaN
-104 0 NaN
-103 0 NaN
-102 0 NaN
-101 0 NaN
-100 0 NaN
-99 0 NaN
-98 0 NaN
-97 0 NaN
-96 0 NaN
-95 0 NaN
-94 0 NaN
-93 0 NaN
-92 0 NaN
-91 0 NaN
-90 0 NaN
-89 0 NaN
-88 0 NaN
-87 0 NaN
-86 0 NaN
-85 0 NaN
-84 0 NaN
-83 0 NaN
-82 0 NaN
-81 0 NaN
-80 0 NaN
-79 0 NaN
-78 0 NaN
-77 0 NaN
-76 0 NaN
-75 0 NaN
-74 0 NaN
-73 0 NaN
-72 0 NaN
-71 0 NaN
-70 0 NaN
-69 0 NaN
-68 0 NaN
-67 0 NaN
-66 0 NaN
-65 0 NaN
-64 0 NaN
-63 0 NaN
-62 0 NaN
-61 0 NaN
-60 0 NaN
-59 0 NaN
-58 0 NaN
-57 0 NaN
-56 0 NaN
-55 0 NaN
-54 0 NaN
-53 0 NaN
-52 0 NaN
-51 0 NaN
-50 0 NaN
-49 0 NaN
-48 0 NaN
-47 0 NaN
-46 0 NaN
-45 0 NaN
-44 0 NaN
-43 0 NaN
-42 0 NaN
-41 0 NaN
-40 0 NaN
-39 0 NaN
-38 0 NaN
-37 0 NaN
-36 0 NaN
-35 0 NaN
-34 0 NaN
-33 0 NaN
-32 0 NaN
-31 0 NaN
-30 0 NaN
-29 0 NaN
-28 0 NaN
-27 0 NaN
-26 0 NaN
-25 0 NaN
-24 0 NaN
-23 0 NaN
-22 0 NaN
-21 0 NaN
-20 0 NaN
-19 0 NaN
-18 0 NaN
-17 0 NaN
-16 0 NaN
-15 0 NaN
-14 0 NaN
-13 0 NaN
-12 0 NaN
-11 0 NaN
-10 0 NaN
-9 0 NaN
-8 0 NaN
-7 0 NaN
-6 0 NaN
-5 0 NaN
-4 0 NaN
-3 0 NaN
-2 0 NaN
-1 0 NaN
0 0 NaN
1 0 NaN
2 0 NaN
3 0 NaN
4 0 NaN
5 0 NaN
6 0 NaN
7 0 NaN
8 0 NaN
9 0 NaN
10 0 NaN
11 0 NaN
12 0 NaN
13 0 NaN
14 0 NaN
15 0 NaN
16 0 NaN
17 0 NaN
18 0 NaN
19 0 NaN
20 0 NaN
21 0 NaN
22 0 NaN
23 0 NaN
24 0 NaN
25 0 NaN
26 0 NaN
27 0 NaN
28 0 NaN
29 0 NaN
30 0 NaN
31 0 NaN
32 0 NaN
33 0 NaN
34 0 NaN
35 0 NaN
36 0 NaN
37 0 NaN
38 0 NaN
39 0 NaN
40 0 NaN
41 0 NaN
42 0 NaN
43 0 NaN
44 0 NaN
45 0 NaN
46 0 NaN
47 0 NaN
48 0 NaN
49 0 NaN
50 0 NaN
51 0 NaN
52 0 NaN
53 0 NaN
54 0 NaN
55 0 NaN
56 0 NaN
57 0 NaN
58 0 NaN
59 0 NaN
60 0 NaN
61 0 NaN
62 0 NaN
63 0 NaN
64 0 NaN
65 0 NaN
66 0 NaN
67 0 NaN
68 0 NaN
69 0 NaN
70 0 NaN
71 0 NaN
72 0 NaN
73 0 NaN
74 0 NaN
75 0 NaN
76 0 NaN
77 0 NaN
78 0 NaN
79 0 NaN
80 0 NaN
81 0 NaN
82 0 NaN
83 0 NaN
84 0 NaN
85 0 NaN
86 0 NaN
87 0 NaN
88 0 NaN
89 0 NaN
90 0 NaN
91 0 NaN
92 0 NaN
93 0 NaN
94 0 NaN
95 0 NaN
96 0 NaN
97 0 NaN
98 0 NaN
99 0 NaN
100 0 NaN
101 0 NaN
102 0 NaN
103 0 NaN
104 0 NaN
105 0 NaN
106 0 NaN
107 0 NaN
108 0 NaN
109 0 NaN
110 0 NaN
111 0 NaN
112 0 NaN
113 0 NaN
114 0 NaN
115 0 NaN
116 0 NaN
117 0 NaN
118 0 NaN
119 0 NaN
120 0 NaN
121 0 NaN
122 0 NaN
123 0 NaN
124 0 NaN
125 0 NaN
126 0 NaN
127 0 NaN
128 0 NaN
129 0 NaN
130 0 NaN
131 0 NaN
132 0 NaN
133 0 NaN
134 0 NaN
135 0 NaN
136 0 NaN
137 0 NaN
138 0 NaN
139 0 NaN
140 0 NaN
141 0 NaN
142 0 NaN
143 0 NaN
144 0 NaN
145 0 NaN
146 0 NaN
147 0 NaN
148 0 NaN
149 0 NaN
150 0 NaN
151 0 NaN
152 0 NaN
153 0 NaN
154 0 NaN
155 0 NaN
156 0 NaN
157 0 NaN
158 0 NaN
159 0 NaN
160 0 NaN
161 0 NaN
162 0 NaN
163 0 NaN
164 0 NaN
165 0 NaN
166 0 NaN
167 0 NaN
168 0 NaN
169 0 NaN
170 0 NaN
171 0 NaN
172 0 NaN
173 0 NaN
174 0 NaN
175 0 NaN
176 0 NaN
177 0 NaN
178 0 NaN
179 0 NaN
180 0 NaN
181 0 NaN
182 0 NaN
183 0 NaN
184 0 NaN
185 0 NaN
186 0 NaN
187 0 NaN
188 0 NaN
189 0 NaN
190 0 NaN
191 0 NaN
192 0 NaN
193 0 NaN
194 0 NaN
195 0 NaN
196 0 NaN
197 0 NaN
198 0 NaN
199 0 NaN
200 0 NaN
201 0 NaN
202 0 NaN
203 0 NaN
204 0 NaN
205 0 NaN
206 0 NaN
207 0 NaN
208 0 NaN
209 0 NaN
210 0 NaN
211 0 NaN
212 0 NaN
213 0 NaN
214 0 NaN
215 0 NaN
216 0 NaN
217 0 NaN
218 0 NaN
219 0 NaN
220 0 NaN
221 0 NaN
222 0 NaN
223 0 NaN
224 0 NaN
225 0 NaN
226 0 NaN
227 0 NaN
228 0 NaN
229 0 NaN
230 0 NaN
231 0 NaN
232 0 NaN
233 0 NaN
234 0 NaN
235 0 NaN
236 0 NaN
237 0 NaN
238 0 NaN
239 0 NaN
240 0 NaN
241 0 NaN
242 0 NaN
243 0 NaN
244 0 NaN
245 0 NaN
246 0 NaN
247 0 NaN
248 0 NaN
249 0 NaN
250 0 NaN
251 0 NaN
252 0 NaN
253 0 NaN
254 0 NaN
255 0 NaN
256 0 NaN
257 0 NaN
258 0 NaN
259 0 NaN
260 0 NaN
261 0 NaN
262 0 NaN
263 0 NaN
264 0 NaN
265 0 NaN
266 0 NaN
267 0 NaN
268 0 NaN
269 0 NaN
270 0 NaN
271 0 NaN
272 0 NaN
273 0 NaN
274 0 NaN
275 0 NaN
276 0 NaN
277 0 NaN
278 0 NaN
279 0 NaN
280 0 NaN
281 0 NaN
282 0 NaN
283 0 NaN
284 0 NaN
285 0 NaN
286 0 NaN
287 0 NaN
288 0 NaN
289 0 NaN
290 0 NaN
291 0 NaN
292 0 NaN
293 0 NaN
294 0 NaN
295 0 NaN
296 0 NaN
297 0 NaN
298 0 NaN
299 0 NaN
300 0 NaN
301 0 NaN
302 0 NaN
303 0 NaN
304 0 NaN
305 0 NaN
306 0 NaN
307 0 NaN
308 0 NaN
309 0 NaN
310 0 NaN
311 0 NaN
312 0 NaN
313 0 NaN
314 0 NaN
315 0 NaN
316 0 NaN
317 0 NaN
318 0 NaN
319 0 NaN
320 0 NaN
321 0 NaN
322 0 NaN
323 0 NaN
324 0 NaN
325 0 NaN
326 0 NaN
327 0 NaN
328 0 NaN
329 0 NaN
330 0 NaN
331 0 NaN
332 0 NaN
333 0 NaN
334 0 NaN
335 0 NaN
336 0 NaN
337 0 NaN
338 0 NaN
339 0 NaN
340 0 NaN
341 0 NaN
342 0 NaN
343 0 NaN
344 0 NaN
345 0 NaN
346 0 NaN
347 0 NaN
348 0 NaN
349 0 NaN
350 0 NaN
351 0 NaN
352 0 NaN
353 0 NaN
354 0 NaN
355 0 NaN
356 0 NaN
357 0 NaN
358 0 NaN
359 0 NaN
360 0 NaN
361 0 NaN
362 0 NaN
363 0 NaN
364 0 NaN
365 0 NaN
366 0 NaN
367 0 NaN
368 0 NaN
369 0 NaN
370 0 NaN
371 0 NaN
372 0 NaN
373 0 NaN
374 0 NaN
375 0 NaN
376 0 NaN
377 0 NaN
378 0 NaN
379 0 NaN
380 0 NaN
381 0 NaN
382 0 NaN
383 0 NaN
384 0 NaN
385 0 NaN
386 0 NaN
387 0 NaN
388 0 NaN
389 0 NaN
390 0 NaN
391 0 NaN
392 0 NaN
393 0 NaN
394 0 NaN
395 0 NaN
396 0 NaN
397 0 NaN
398 0 NaN
399 0 NaN
400 65.4288 NaN
401 0 NaN
402 0 NaN
403 0 NaN
404 0 NaN
405 0 NaN
406 0 NaN
407 0 NaN
408 0 NaN
409 0 NaN
410 0 NaN
411 0 NaN
412 0 NaN
413 0 NaN
414 0 NaN
415 0 NaN
416 0 NaN
417 0 NaN
418 0 NaN
419 0 NaN
420 0 NaN
421 0 NaN
422 0 NaN
423 0 NaN
424 0 NaN
425 0 NaN
426 0 NaN
427 0 NaN
428 0 NaN
429 0 NaN
430 0 NaN
431 0 NaN
432 0 NaN
433 0 NaN
434 0 NaN
435 0 NaN
436 0 NaN
437 0 NaN
438 0 NaN
439 0 NaN
440 0 NaN
441 0 NaN
442 0 NaN
443 0 NaN
444 0 NaN
445 0 NaN
446 0 NaN
447 0 NaN
448 0 NaN
449 0 NaN
450 0 NaN
451 0 NaN
452 0 NaN
453 0 NaN
454 0 NaN
455 0 NaN
456 0 NaN
457 0 NaN
458 0 NaN
459 0 NaN
460 0 NaN
461 0 NaN
462 0 NaN
463 0 NaN
464 0 NaN
465 0 NaN
466 0 NaN
467 0 NaN
468 0 NaN
469 0 NaN
470 0 NaN
471 0 NaN
472 0 NaN
473 0 NaN
474 0 NaN
475 0 NaN
476 0 NaN
477 0 NaN
478 0 NaN
479 0 NaN
480 0 NaN
481 0 NaN
482 0 NaN
483 0 NaN
484 0 NaN
485 0 NaN
486 0 NaN
487 0 NaN
488 0 NaN
489 0 NaN
490 0 NaN
491 0 NaN
492 0 NaN
493 0 NaN
494 0 NaN
495 0 NaN
496 0 NaN
497 0 NaN
498 0 NaN
499 0 NaN
500 0 NaN
501 0 NaN
502 0 NaN
503 0 NaN
504 0 NaN
505 0 NaN
506 0 NaN
507 0 NaN
508 0 NaN
509 0 NaN
510 0 NaN
511 0 NaN
512 0 NaN
513 0 NaN
514 0 NaN
515 0 NaN
516 0 NaN
517 0 NaN
518 0 NaN
519 0 NaN
520 0 NaN
521 0 NaN
522 0 NaN
523 0 NaN
524 0 NaN
525 0 NaN
526 0 NaN
527 0 NaN
528 0 NaN
529 0 NaN
530 0 NaN
531 0.987689 NaN
532 0 NaN
533 0 NaN
534 0 NaN
535 0 NaN
536 0 NaN
537 0.820058 NaN
538 0 NaN
539 0 NaN
540 0 NaN
541 0 NaN
542 0 NaN
543 0 NaN
544 0 NaN
545 0 NaN
546 0 NaN
547 0 NaN
548 0 NaN
549 0 NaN
550 0 NaN
551 0 NaN
552 0 NaN
553 0 NaN
554 0 NaN
555 0 NaN
556 0 NaN
557 0 NaN
558 0 NaN
559 0 NaN
560 0 NaN
561 0 NaN
562 0 NaN
563 0 NaN
564 0 NaN
565 0 NaN
566 0 NaN
567 0 NaN
568 0 NaN
569 34.7648 NaN
570 36.8535 NaN
571 13.2115 NaN
572 0 NaN
573 0 NaN
574 0 NaN
575 11.098 NaN
576 22.1188 NaN
577 51.6072 NaN
578 52.1732 NaN
579 26.3687 NaN
580 48.9362 NaN
581 66.3419 NaN
582 36.2033 NaN
583 59.4691 NaN
584 54.8942 NaN
585 46.4052 NaN
586 78.8209 NaN
587 41.332 NaN
588 72.824 NaN
589 53.5274 NaN
590 62.2156 NaN
591 73.093 NaN
592 62.024 NaN
593 78.6576 NaN
594 63.3576 NaN
595 84.234 NaN
596 68.7459 NaN
597 77.6207 NaN
598 80.7932 NaN
599 70.8658 NaN
600 95.3796 NaN
601 66.6212 NaN
602 99.0944 NaN
603 80.0841 NaN
604 82.0516 NaN
605 102.499 NaN
606 78.5691 NaN
607 99.2565 NaN
608 104.005 NaN
609 82.7446 NaN
610 101.545 NaN
611 110.66 NaN
612 93.041 NaN
613 92.6838 NaN
614 114.888 NaN
615 111.617 NaN
616 94.4442 NaN
617 99.1205 NaN
618 120.804 NaN
619 119.447 NaN
620 107.091 NaN
621 101.217 NaN
622 115.275 NaN
623 126.352 NaN
624 127.772 NaN
625 123.029 NaN
626 116.344 NaN
627 113.709 NaN
628 117.836 NaN
629 127.382 NaN
630 134.393 NaN
631 137.28 NaN
632 139.431 NaN
633 141.511 NaN
634 141.385 NaN
635 141.915 NaN
636 141.376 NaN
637 141.413 NaN
638 143.093 NaN
639 144.766 NaN
640 146.307 NaN
641 148.1 NaN
642 151.42 NaN
643 154.284 NaN
644 156.815 NaN
645 157.538 NaN
646 158.248 NaN
647 159.804 NaN
648 155.573 NaN
649 151.156 NaN
650 152.563 NaN
651 157.777 NaN
652 163.213 NaN
653 171.392 NaN
654 171.664 NaN
655 168.031 NaN
656 164.395 NaN
657 166.961 NaN
658 177.122 NaN
659 178.897 NaN
660 175.427 NaN
661 173.607 NaN
662 179.869 NaN
663 184.136 NaN
664 177.318 NaN
665 181.542 NaN
666 187.282 NaN
667 183.486 NaN
668 182.76 NaN
669 192.913 NaN
670 191.338 NaN
671 184.343 NaN
672 195.811 NaN
673 193.945 NaN
674 190.116 NaN
675 199.68 NaN
676 193.908 NaN
677 195.331 NaN
678 199.982 NaN
679 193.885 NaN
680 202.88 NaN
681 197.905 NaN
682 201.986 NaN
683 204.123 NaN
684 200.219 NaN
685 209.15 NaN
686 202.262 NaN
687 212.03 NaN
688 203.687 NaN
689 213.987 NaN
690 208.22 NaN
691 215.589 NaN
692 208.558 NaN
693 218.724 NaN
694 211.238 NaN
695 223.098 NaN
696 216.123 NaN
697 224.897 NaN
698 219.206 NaN
699 223.56 NaN
700 227.225 NaN
701 222.424 NaN
702 232.578 NaN
703 225.633 NaN
704 230.678 NaN
705 235.986 NaN
706 227.15 NaN
707 237.428 NaN
708 238.727 NaN
709 232.621 NaN
710 240.791 NaN
711 242.774 NaN
712 234.466 NaN
713 241.531 NaN
714 247.744 NaN
715 244.103 NaN
716 242.966 NaN
717 250.327 NaN
718 252.128 NaN
719 249.555 NaN
720 249.043 NaN
721 253.523 NaN
722 259.449 NaN
723 262.081 NaN
724 258.253 NaN
725 257.528 NaN
726 260.614 NaN
727 265.716 NaN
728 268.837 NaN
729 272.087 NaN
730 276.127 NaN
731 272.25 NaN
732 274.888 NaN
733 273.391 NaN
734 273.697 NaN
735 277.045 NaN
736 276.855 NaN
737 279.627 NaN
738 279.416 NaN
739 281.473 NaN
740 283.915 NaN
741 286.93 NaN
742 287.752 NaN
743 291.449 NaN
744 291.348 NaN
745 297.663 NaN
746 298.126 NaN
747 299.885 NaN
748 300.108 NaN
749 298.555 NaN
750 298.743 NaN
751 299.539 NaN
752 302.926 NaN
753 306.573 NaN
754 305.599 NaN
755 311.224 NaN
756 308.658 NaN
757 311.866 NaN
758 314.982 NaN
759 317.519 NaN
760 318.465 NaN
761 316.469 NaN
762 320.469 NaN
763 325.009 NaN
764 321.284 NaN
765 323.989 NaN
766 328.864 NaN
767 329.068 NaN
768 326.985 NaN
769 331.197 NaN
770 332.666 NaN
771 331.125 NaN
772 331.306 NaN
773 336.766 NaN
774 333.003 NaN
775 341.719 NaN
776 339.098 NaN
777 344.51 NaN
778 344.271 NaN
779 344.734 NaN
780 351.13 NaN
781 348.398 NaN
782 353.945 NaN
783 351.489 NaN
784 355.215 NaN
785 354.779 NaN
786 358.719 NaN
787 360.427 NaN
788 360.296 NaN
789 362.427 NaN
790 361.774 NaN
791 367.244 NaN
792 365.651 NaN
793 372.723 NaN
794 368.879 NaN
795 370.087 NaN
796 374.801 NaN
797 373.37 NaN
798 375.509 NaN
799 378.624 NaN
800 374.896 NaN
801 379.865 NaN
802 384.988 NaN
803 379.215 NaN
804 382.533 NaN
805 389.257 NaN
806 388.76 NaN
807 394.934 NaN
808 389.912 NaN
809 394.976 NaN
810 397.786 NaN
811 396.178 NaN
812 394.591 NaN
813 398.77 NaN
814 400.566 NaN
815 406.012 NaN
816 404.821 NaN
817 403.132 NaN
818 401.37 NaN
819 401.951 NaN
820 408.726 NaN
821 411.01 NaN
822 416.172 NaN
823 414.68 NaN
824 414.562 NaN
825 420.345 NaN
826 416.981 NaN
827 421.519 NaN
828 419.299 NaN
829 422.054 NaN
830 424.85 NaN
831 423.651 NaN
832 426.65 NaN
833 427.998 NaN
834 429.944 NaN
835 432.435 NaN
836 432.905 NaN
837 437.506 NaN
838 442.673 NaN
839 442.358 NaN
840 444.531 NaN
841 443.146 NaN
842 443.356 NaN
843 444.554 NaN
844 446.634 NaN
845 450.742 NaN
846 450.767 NaN
847 451.748 NaN
848 451.919 NaN
849 454.62 NaN
850 458.621 NaN
851 459.801 NaN
852 458.727 NaN
853 460.596 NaN
854 465.835 NaN
855 465.062 NaN
856 464.6 NaN
857 467.806 NaN
858 470.311 NaN
859 469.861 NaN
860 472.716 NaN
861 475.12 NaN
862 474.974 NaN
863 478.117 NaN
864 481.21 NaN
865 479.518 NaN
866 483.892 NaN
867 482.625 NaN
868 485.793 NaN
869 488.647 NaN
870 491.806 NaN
871 491.435 NaN
872 492.405 NaN
873 494.512 NaN
874 495.108 NaN
875 498.388 NaN
876 497.829 NaN
877 501.628 NaN
878 502.583 NaN
879 506.586 NaN
880 508.359 NaN
881 507.612 NaN
882 510.63 NaN
883 511.638 NaN
884 512.682 NaN
885 517.351 NaN
886 521.56 NaN
887 520.213 NaN
888 523.808 NaN
889 524.495 NaN
890 524.553 NaN
891 527.64 NaN
892 529.302 NaN
893 530.211 NaN
894 537.385 NaN
895 534.218 NaN
896 536.956 NaN
897 536.993 NaN
898 537.142 NaN
899 538.815 NaN
900 546.727 NaN
901 544.479 NaN
902 546.659 NaN
903 546.841 NaN
904 546.596 NaN
905 550.051 NaN
906 549.733 NaN
907 552.982 NaN
908 553.43 NaN
909 556.999 NaN
910 557.22 NaN
911 559.242 NaN
912 558.817 NaN
913 560.329 NaN
914 564.752 NaN
915 562.992 NaN
916 562.051 NaN
917 566.061 NaN
918 566.767 NaN
919 572.276 NaN
920 571.793 NaN
921 572.966 NaN
922 577.242 NaN
923 576.754 NaN
924 578.473 NaN
925 582.323 NaN
926 586.12 NaN
927 585.167 NaN
928 591.642 NaN
929 590.685 NaN
930 592.031 NaN
931 595.666 NaN
932 592.632 NaN
933 590.978 NaN
934 595.469 NaN
935 596.972 NaN
936 597.507 NaN
937 597.525 NaN
938 598.945 NaN
939 600.114 NaN
940 606.882 NaN
941 602.967 NaN
942 602.258 NaN
943 604.561 NaN
944 605.435 NaN
945 604.828 NaN
946 612.774 NaN
947 608.391 NaN
948 607.82 NaN
949 609.45 NaN
950 611.149 NaN
951 608.754 NaN
952 612.867 NaN
953 615.853 NaN
954 614.121 NaN
955 616.98 NaN
956 618.989 NaN
957 615.701 NaN
958 619.539 NaN
959 620.343 NaN
960 618.967 NaN
961 621.429 NaN
962 619.932 NaN
963 620.754 NaN
964 622.349 NaN
965 622.285 NaN
966 623.85 NaN
967 621.832 NaN
968 625.982 NaN
969 624.401 NaN
970 626.002 NaN
971 628.116 NaN
972 629.133 NaN
973 630.138 NaN
974 633.602 NaN
975 639.012 NaN
976 632.16 NaN
977 642.252 NaN
978 632.065 NaN
979 634.28 NaN
980 634.366 NaN
981 636.936 NaN
982 634.705 NaN
983 639.531 NaN
984 637.939 NaN
985 647.137 NaN
986 646.747 NaN
987 648.098 NaN
988 648.708 NaN
989 649.075 NaN
990 652.126 NaN
991 651.02 NaN
992 652.66 NaN
993 654.425 NaN
994 652.726 NaN
995 654.164 NaN
996 655.465 NaN
997 654.57 NaN
998 655.137 NaN
999 654.674 NaN
1000 653.295 NaN
1001 647.31 NaN
1002 651.304 NaN
1003 652.387 NaN
1004 651.945 NaN
1005 653.521 NaN
1006 642.659 NaN
1007 656.712 NaN
1008 654.89 NaN
1009 647.581 NaN
1010 656.703 NaN
1011 664.496 NaN
1012 660.014 NaN
1013 655.794 NaN
1014 657.008 NaN
1015 657.988 NaN
1016 659.058 NaN
1017 657.687 NaN
1018 657.61 NaN
1019 658.244 NaN
1020 655.247 NaN
1021 663.172 NaN
1022 657.138 NaN
1023 655.974 NaN
1024 660.62 NaN
-1024 NaN -864.142
-1003.31 NaN -751.806
-982.626 NaN -369.004
-961.939 NaN -428.535
-941.253 NaN -599.34
-920.566 NaN -519
-899.879 NaN -327.752
-879.192 NaN -181.795
-858.505 NaN -100.124
-837.818 NaN -51.0898
-817.131 NaN -19.7259
-796.444 NaN -7.45978
-775.758 NaN -12.1707
-755.071 NaN -22.25
-734.384 NaN -24.7196
-713.697 NaN -14.4793
-693.01 NaN 3.61825
-672.323 NaN 19.5694
-651.636 NaN 25.052
-630.949 NaN 17.8283
-610.263 NaN 2.04068
-589.576 NaN -14.6613
-568.889 NaN -25.0184
-548.202 NaN -25.1351
-527.515 NaN -15.5323
-506.828 NaN -0.322585
-486.141 NaN 14.7665
-465.455 NaN 24.578
-444.768 NaN 26.1526
-424.081 NaN 19.393
-403.394 NaN 6.75516
-382.707 NaN -7.76171
-362.02 NaN -19.916
-341.333 NaN -26.4137
-320.646 NaN -25.696
-299.96 NaN -18.1871
-279.273 NaN -6.02051
-258.586 NaN 7.61933
-237.899 NaN 19.3385
-217.212 NaN 26.3471
-196.525 NaN 27.0675
-175.838 NaN 21.4278
-155.152 NaN 10.8057
-134.465 NaN -2.33557
-113.778 NaN -15.0224
-93.0909 NaN -24.4273
-72.404 NaN -28.4705
-51.7172 NaN -26.2483
-31.0303 NaN -18.2112
-10.3434 NaN -6.06274
10.3434 NaN 7.5978
31.0303 NaN 19.8146
51.7172 NaN 27.893
72.404 NaN 29.9744
93.0909 NaN 25.4533
113.778 NaN 15.1478
134.465 NaN 1.18024
155.152 NaN -13.4253
175.838 NaN -25.3617
196.525 NaN -31.7616
217.212 NaN -30.8773
237.899 NaN -22.5676
258.586 NaN -8.45995
279.273 NaN 8.28586
299.96 NaN 23.6095
320.646 NaN 33.4813
341.333 NaN 34.9465
362.02 NaN 27.0328
382.707 NaN 11.2568
403.394 NaN -8.48419
424.081 NaN -26.7191
444.768 NaN -37.8076
465.455 NaN -37.6212
486.141 NaN -25.0025
506.828 NaN -2.4353
527.515 NaN 24.5197
548.202 NaN 49.1245
568.889 NaN 66.272
589.576 NaN 75.2061
610.263 NaN 80.8148
630.949 NaN 92.3285
651.636 NaN 119.161
672.323 NaN 165.179
693.01 NaN 224.315
713.697 NaN 281.076
734.384 NaN 317.968
755.071 NaN 327.668
775.758 NaN 322.441
796.444 NaN 330.727
817.131 NaN 376.481
837.818 NaN 452.381
858.505 NaN 514.849
879.192 NaN 524.2
899.879 NaN 505.794
920.566 NaN 542.257
941.253 NaN 637.952
961.939 NaN 644.055
982.626 NaN 586.859
1003.31 NaN 718.225
1024 NaN 813.119
