-653.62 -1024 NaN
-654.729 -1023 NaN
-654.46 -1022 NaN
-653.963 -1021 NaN
-657.942 -1020 NaN
-655.566 -1019 NaN
-654.06 -1018 NaN
-655.533 -1017 NaN
-653.369 -1016 NaN
-656.305 -1015 NaN
-653.179 -1014 NaN
-651.872 -1013 NaN
-655.353 -1012 NaN
-649.822 -1011 NaN
-647.7 -1010 NaN
-642.607 -1009 NaN
-650.039 -1008 NaN
-653.863 -1007 NaN
-648.401 -1006 NaN
-653.317 -1005 NaN
-650.948 -1004 NaN
-655.039 -1003 NaN
-654.774 -1002 NaN
-652.306 -1001 NaN
-652.77 -1000 NaN
-650.92 -999 NaN
-652.196 -998 NaN
-655.38 -997 NaN
-651.184 -996 NaN
-650.709 -995 NaN
-652.92 -994 NaN
-649.515 -993 NaN
-639.157 -992 NaN
-637 -991 NaN
-635.886 -990 NaN
-644.902 -989 NaN
-590.576 -988 NaN
-453.414 -987 NaN
-394.921 -986 NaN
-378.545 -985 NaN
-370.854 -984 NaN
-370.256 -983 NaN
-365.696 -982 NaN
-367.554 -981 NaN
-365.062 -980 NaN
-363.047 -979 NaN
-364.047 -978 NaN
-360.209 -977 NaN
-364.938 -976 NaN
-360.442 -975 NaN
-363.731 -974 NaN
-366.265 -973 NaN
-364.245 -972 NaN
-364.945 -971 NaN
-357.639 -970 NaN
-359.364 -969 NaN
-356.896 -968 NaN
-360.788 -967 NaN
-355.374 -966 NaN
-357.953 -965 NaN
-354.883 -964 NaN
-353.648 -963 NaN
-351.598 -962 NaN
-354.296 -961 NaN
-350.817 -960 NaN
-353.557 -959 NaN
-348.887 -958 NaN
-351.21 -957 NaN
-420.141 -956 NaN
-499.195 -955 NaN
-547.494 -954 NaN
-560.321 -953 NaN
-566.472 -952 NaN
-570.186 -951 NaN
-576.573 -950 NaN
-579.502 -949 NaN
-580.417 -948 NaN
-580.601 -947 NaN
-583.684 -946 NaN
-583.237 -945 NaN
-583.901 -944 NaN
-583.689 -943 NaN
-586.05 -942 NaN
-581.401 -941 NaN
-584.631 -940 NaN
-582.992 -939 NaN
-583.907 -938 NaN
-590.614 -937 NaN
-585.734 -936 NaN
-581.734 -935 NaN
-581.678 -934 NaN
-579.732 -933 NaN
-579.566 -932 NaN
-577.424 -931 NaN
-578.992 -930 NaN
-577.661 -929 NaN
-575.905 -928 NaN
-576.371 -927 NaN
-572.998 -926 NaN
-569.063 -925 NaN
-560.666 -924 NaN
-561.887 -923 NaN
-547.615 -922 NaN
-546.636 -921 NaN
-548.651 -920 NaN
-549.873 -919 NaN
-548.081 -918 NaN
-552.846 -917 NaN
-544.986 -916 NaN
-543.67 -915 NaN
-542.644 -914 NaN
-539.987 -913 NaN
-537.461 -912 NaN
-536.738 -911 NaN
-535.257 -910 NaN
-531.303 -909 NaN
-510.569 -908 NaN
-387.128 -907 NaN
-326.842 -906 NaN
-317.46 -905 NaN
-306.009 -904 NaN
-301.284 -903 NaN
-294.919 -902 NaN
-294.774 -901 NaN
-302.652 -900 NaN
-307.008 -899 NaN
-307.091 -898 NaN
-306.209 -897 NaN
-299.041 -896 NaN
-293.773 -895 NaN
-287.874 -894 NaN
-284.95 -893 NaN
-276.078 -892 NaN
-248.014 -891 NaN
-235.694 -890 NaN
-226.287 -889 NaN
-221.734 -888 NaN
-215.665 -887 NaN
-213.061 -886 NaN
-215.554 -885 NaN
-195.518 -884 NaN
-180.919 -883 NaN
-199 -882 NaN
-189.498 -881 NaN
-182.997 -880 NaN
-179.801 -879 NaN
-189.786 -878 NaN
-133.166 -877 NaN
-130.111 -876 NaN
-140.834 -875 NaN
-104.591 -874 NaN
-165.018 -873 NaN
-187.803 -872 NaN
-117.731 -871 NaN
-97.2206 -870 NaN
-78.1919 -869 NaN
-69.0609 -868 NaN
-67.6989 -867 NaN
-73.21 -866 NaN
-67.0264 -865 NaN
-66.9381 -864 NaN
-69.3028 -863 NaN
-78.4796 -862 NaN
-66.9221 -861 NaN
-95.852 -860 NaN
-69.0545 -859 NaN
-97.0013 -858 NaN
-98.6638 -857 NaN
-64.061 -856 NaN
-66.4188 -855 NaN
-69.9029 -854 NaN
-65.5237 -853 NaN
-56.1045 -852 NaN
-69.361 -851 NaN
-50.3114 -850 NaN
-78.1092 -849 NaN
-47.8676 -848 NaN
-79.6704 -847 NaN
-47.2568 -846 NaN
-56.0756 -845 NaN
-65.6058 -844 NaN
-37.5896 -843 NaN
-79.5553 -842 NaN
-45.1347 -841 NaN
-33.2264 -840 NaN
-73.7391 -839 NaN
-51.8912 -838 NaN
-44.6652 -837 NaN
-51.2681 -836 NaN
-57.4667 -835 NaN
-58.8357 -834 NaN
-42.7323 -833 NaN
-35.0686 -832 NaN
-63.0786 -831 NaN
-39.6453 -830 NaN
-32.49 -829 NaN
-42.1267 -828 NaN
-46.1535 -827 NaN
-53.664 -826 NaN
-40.3329 -825 NaN
-43.9631 -824 NaN
-48.0338 -823 NaN
-52.6214 -822 NaN
-46.7578 -821 NaN
-38.3939 -820 NaN
-53.6801 -819 NaN
-42.5027 -818 NaN
-59.815 -817 NaN
-69.8646 -816 NaN
-37.8092 -815 NaN
-43.2149 -814 NaN
-65.393 -813 NaN
-51.7141 -812 NaN
-52.0251 -811 NaN
-47.8077 -810 NaN
-39.0998 -809 NaN
-62.6539 -808 NaN
-51.4074 -807 NaN
-32.9131 -806 NaN
-82.7634 -805 NaN
-40.4453 -804 NaN
-37.5359 -803 NaN
-65.4442 -802 NaN
-35.0015 -801 NaN
-24.3569 -800 NaN
-80.2007 -799 NaN
-34.4246 -798 NaN
-17.8292 -797 NaN
-48.8653 -796 NaN
-48.9724 -795 NaN
-13.3379 -794 NaN
-12.825 -793 NaN
-0.440919 -792 NaN
-11.6903 -791 NaN
-0.943379 -790 NaN
-5.05471 -789 NaN
-0 -788 NaN
-0 -787 NaN
-1.69876 -786 NaN
-0.398864 -785 NaN
-2.77128 -784 NaN
-0 -783 NaN
-0 -782 NaN
-0 -781 NaN
-1.28553 -780 NaN
-0 -779 NaN
-0 -778 NaN
-0 -777 NaN
-0 -776 NaN
-0 -775 NaN
-0 -774 NaN
-0 -773 NaN
-0 -772 NaN
-88.3212 -771 NaN
-16.125 -770 NaN
-7.39599 -769 NaN
-23.8774 -768 NaN
-38.5107 -767 NaN
-41.2067 -766 NaN
-19.8813 -765 NaN
-5.5283 -764 NaN
-26.9955 -763 NaN
-5.61809 -762 NaN
-0 -761 NaN
-9.49185 -760 NaN
-0.0658156 -759 NaN
-0 -758 NaN
-0 -757 NaN
-0 -756 NaN
-0 -755 NaN
-0 -754 NaN
-8.87628 -753 NaN
-15.1518 -752 NaN
-0 -751 NaN
-0 -750 NaN
-0 -749 NaN
-0 -748 NaN
-0 -747 NaN
-0 -746 NaN
-0 -745 NaN
-0 -744 NaN
-0 -743 NaN
-0 -742 NaN
-0 -741 NaN
-0 -740 NaN
-0 -739 NaN
-0 -738 NaN
-0 -737 NaN
-0 -736 NaN
-0 -735 NaN
-0 -734 NaN
-0 -733 NaN
-0 -732 NaN
-0 -731 NaN
-0 -730 NaN
-0 -729 NaN
-0 -728 NaN
-0 -727 NaN
-0 -726 NaN
-0 -725 NaN
-0 -724 NaN
-0 -723 NaN
-0 -722 NaN
-0 -721 NaN
-0 -720 NaN
-0 -719 NaN
-0 -718 NaN
-0 -717 NaN
-0 -716 NaN
-0 -715 NaN
-0 -714 NaN
-0 -713 NaN
-0 -712 NaN
-0 -711 NaN
-0 -710 NaN
-0 -709 NaN
-0 -708 NaN
-0 -707 NaN
-0 -706 NaN
-0 -705 NaN
-0 -704 NaN
-0 -703 NaN
-0 -702 NaN
-0 -701 NaN
-0 -700 NaN
-0 -699 NaN
-0 -698 NaN
-0 -697 NaN
-0 -696 NaN
-0 -695 NaN
-0 -694 NaN
-0 -693 NaN
-0 -692 NaN
-0 -691 NaN
-0 -690 NaN
-0 -689 NaN
-0 -688 NaN
-0 -687 NaN
-0 -686 NaN
-0 -685 NaN
-0 -684 NaN
-0 -683 NaN
-0 -682 NaN
-0 -681 NaN
-0 -680 NaN
-0 -679 NaN
-0 -678 NaN
-0 -677 NaN
-0 -676 NaN
-0 -675 NaN
-0 -674 NaN
-0 -673 NaN
-0 -672 NaN
-0 -671 NaN
-0 -670 NaN
-0 -669 NaN
-0 -668 NaN
-0 -667 NaN
-0 -666 NaN
-0 -665 NaN
-0 -664 NaN
-0 -663 NaN
-0 -662 NaN
-0 -661 NaN
-0 -660 NaN
-0 -659 NaN
-0 -658 NaN
-0 -657 NaN
-0 -656 NaN
-0 -655 NaN
-0 -654 NaN
-0 -653 NaN
-0 -652 NaN
-0 -651 NaN
-0 -650 NaN
-0 -649 NaN
-0 -648 NaN
-0 -647 NaN
-0 -646 NaN
-0 -645 NaN
-0 -644 NaN
-0 -643 NaN
-0 -642 NaN
-0 -641 NaN
-0 -640 NaN
-0 -639 NaN
-0 -638 NaN
-0 -637 NaN
-0 -636 NaN
-0 -635 NaN
-0 -634 NaN
-0 -633 NaN
-0 -632 NaN
-0 -631 NaN
-0 -630 NaN
-0 -629 NaN
-0 -628 NaN
-0 -627 NaN
-0 -626 NaN
-0 -625 NaN
-0 -624 NaN
-0 -623 NaN
-0 -622 NaN
-0 -621 NaN
-0 -620 NaN
-0 -619 NaN
-0 -618 NaN
-0 -617 NaN
-0 -616 NaN
-0 -615 NaN
-0 -614 NaN
-0 -613 NaN
-0 -612 NaN
-0 -611 NaN
-0 -610 NaN
-0 -609 NaN
-0 -608 NaN
-0 -607 NaN
-0 -606 NaN
-0 -605 NaN
-0 -604 NaN
-0 -603 NaN
-0 -602 NaN
-0 -601 NaN
-0 -600 NaN
-0 -599 NaN
-13.308 -598 NaN
-0.44723 -597 NaN
-0 -596 NaN
-0 -595 NaN
-0 -594 NaN
-0 -593 NaN
-0 -592 NaN
-0 -591 NaN
-0 -590 NaN
-0 -589 NaN
-0 -588 NaN
-0 -587 NaN
-0 -586 NaN
-0 -585 NaN
-0 -584 NaN
-0 -583 NaN
-0 -582 NaN
-0 -581 NaN
-0 -580 NaN
-0 -579 NaN
-0 -578 NaN
-0 -577 NaN
-0 -576 NaN
-0 -575 NaN
-0 -574 NaN
-0 -573 NaN
-0 -572 NaN
-0 -571 NaN
-0 -570 NaN
-0 -569 NaN
-0 -568 NaN
-0 -567 NaN
-0 -566 NaN
-0 -565 NaN
-0 -564 NaN
-0 -563 NaN
-0 -562 NaN
-0 -561 NaN
-0 -560 NaN
-0 -559 NaN
-0 -558 NaN
-0 -557 NaN
-0 -556 NaN
-16.6241 -555 NaN
-9.64645 -554 NaN
-0 -553 NaN
-0 -552 NaN
-0 -551 NaN
-0 -550 NaN
-0 -549 NaN
-0 -548 NaN
-0 -547 NaN
-0 -546 NaN
-0 -545 NaN
-0 -544 NaN
-0 -543 NaN
-0 -542 NaN
-0 -541 NaN
-0 -540 NaN
-0 -539 NaN
-0 -538 NaN
-0 -537 NaN
-0 -536 NaN
-0.961751 -535 NaN
-0 -534 NaN
-0 -533 NaN
-0 -532 NaN
-0 -531 NaN
-0 -530 NaN
-0 -529 NaN
-0 -528 NaN
-0 -527 NaN
-0 -526 NaN
-0 -525 NaN
-0 -524 NaN
-0 -523 NaN
-0 -522 NaN
-0 -521 NaN
-0 -520 NaN
-0 -519 NaN
-0 -518 NaN
-0 -517 NaN
-0 -516 NaN
-0 -515 NaN
-0 -514 NaN
-0 -513 NaN
-0 -512 NaN
-0 -511 NaN
-0 -510 NaN
-0 -509 NaN
-0 -508 NaN
-0 -507 NaN
-0 -506 NaN
-0 -505 NaN
-0 -504 NaN
-0 -503 NaN
-0 -502 NaN
-0 -501 NaN
-0 -500 NaN
-0 -499 NaN
-0 -498 NaN
-0 -497 NaN
-0 -496 NaN
-0 -495 NaN
-0 -494 NaN
-0 -493 NaN
-0 -492 NaN
-0 -491 NaN
-0 -490 NaN
-0 -489 NaN
-0 -488 NaN
-0 -487 NaN
-0 -486 NaN
-0 -485 NaN
-0 -484 NaN
-0 -483 NaN
-0 -482 NaN
-0 -481 NaN
-0 -480 NaN
-0 -479 NaN
-0 -478 NaN
-0 -477 NaN
-0 -476 NaN
-0 -475 NaN
-0 -474 NaN
-0 -473 NaN
-0 -472 NaN
-0 -471 NaN
-0 -470 NaN
-0 -469 NaN
-0 -468 NaN
-0 -467 NaN
-0 -466 NaN
-0 -465 NaN
-0 -464 NaN
-0 -463 NaN
-0 -462 NaN
-0 -461 NaN
-0 -460 NaN
-0 -459 NaN
-0 -458 NaN
-0 -457 NaN
-0 -456 NaN
-0 -455 NaN
-0 -454 NaN
-0 -453 NaN
-0 -452 NaN
-0 -451 NaN
-0 -450 NaN
-0 -449 NaN
-0 -448 NaN
-0 -447 NaN
-0 -446 NaN
-0 -445 NaN
-0 -444 NaN
-0 -443 NaN
-0 -442 NaN
-0 -441 NaN
-0 -440 NaN
-0 -439 NaN
-0 -438 NaN
-0 -437 NaN
-0 -436 NaN
-0 -435 NaN
-0 -434 NaN
-0 -433 NaN
-0 -432 NaN
-0 -431 NaN
-0 -430 NaN
-0 -429 NaN
-0 -428 NaN
-0 -427 NaN
-0 -426 NaN
-0 -425 NaN
-0 -424 NaN
-0 -423 NaN
-0 -422 NaN
-0 -421 NaN
-0 -420 NaN
-0 -419 NaN
-0 -418 NaN
-0 -417 NaN
-0 -416 NaN
-0 -415 NaN
-0 -414 NaN
-0 -413 NaN
-0 -412 NaN
-0 -411 NaN
-0 -410 NaN
-0 -409 NaN
-0 -408 NaN
-0 -407 NaN
-0 -406 NaN
-0 -405 NaN
-0 -404 NaN
-0 -403 NaN
-0 -402 NaN
-0 -401 NaN
-0 -400 NaN
0 -399 NaN
0 -398 NaN
0 -397 NaN
0 -396 NaN
0 -395 NaN
0 -394 NaN
0 -393 NaN
0 -392 NaN
0 -391 NaN
0 -390 NaN
0 -389 NaN
0 -388 NaN
0 -387 NaN
0 -386 NaN
0 -385 NaN
0 -384 NaN
0 -383 NaN
0 -382 NaN
0 -381 NaN
0 -380 NaN
0 -379 NaN
0 -378 NaN
0 -377 NaN
0 -376 NaN
0 -375 NaN
0 -374 NaN
0 -373 NaN
0 -372 NaN
0 -371 NaN
0 -370 NaN
0 -369 NaN
0 -368 NaN
0 -367 NaN
0 -366 NaN
0 -365 NaN
0 -364 NaN
0 -363 NaN
0 -362 NaN
0 -361 NaN
0 -360 NaN
0 -359 NaN
0 -358 NaN
0 -357 NaN
0 -356 NaN
0 -355 NaN
0 -354 NaN
0 -353 NaN
0 -352 NaN
0 -351 NaN
0 -350 NaN
0 -349 NaN
0 -348 NaN
0 -347 NaN
0 -346 NaN
0 -345 NaN
0 -344 NaN
0 -343 NaN
0 -342 NaN
0 -341 NaN
0 -340 NaN
0 -339 NaN
0 -338 NaN
0 -337 NaN
0 -336 NaN
0 -335 NaN
0 -334 NaN
0 -333 NaN
0 -332 NaN
0 -331 NaN
0 -330 NaN
0 -329 NaN
0 -328 NaN
0 -327 NaN
0 -326 NaN
0 -325 NaN
0 -324 NaN
0 -323 NaN
0 -322 NaN
0 -321 NaN
0 -320 NaN
0 -319 NaN
0 -318 NaN
0 -317 NaN
0 -316 NaN
0 -315 NaN
0 -314 NaN
0 -313 NaN
0 -312 NaN
0 -311 NaN
0 -310 NaN
0 -309 NaN
0 -308 NaN
0 -307 NaN
0 -306 NaN
0 -305 NaN
0 -304 NaN
0 -303 NaN
0 -302 NaN
0 -301 NaN
0 -300 NaN
0 -299 NaN
0 -298 NaN
0 -297 NaN
0 -296 NaN
0 -295 NaN
0 -294 NaN
0 -293 NaN
0 -292 NaN
0 -291 NaN
0 -290 NaN
0 -289 NaN
0 -288 NaN
0 -287 NaN
0 -286 NaN
0 -285 NaN
0 -284 NaN
0 -283 NaN
0 -282 NaN
0 -281 NaN
0 -280 NaN
0 -279 NaN
0 -278 NaN
0 -277 NaN
0 -276 NaN
0 -275 NaN
0 -274 NaN
0 -273 NaN
0 -272 NaN
0 -271 NaN
0 -270 NaN
0 -269 NaN
0 -268 NaN
0 -267 NaN
0 -266 NaN
0 -265 NaN
0 -264 NaN
0 -263 NaN
0 -262 NaN
0 -261 NaN
0 -260 NaN
0 -259 NaN
0 -258 NaN
0 -257 NaN
0 -256 NaN
0 -255 NaN
0 -254 NaN
0 -253 NaN
0 -252 NaN
0 -251 NaN
0 -250 NaN
0 -249 NaN
0 -248 NaN
0 -247 NaN
0 -246 NaN
0 -245 NaN
0 -244 NaN
0 -243 NaN
0 -242 NaN
0 -241 NaN
0 -240 NaN
0 -239 NaN
0 -238 NaN
0 -237 NaN
0 -236 NaN
0 -235 NaN
0 -234 NaN
0 -233 NaN
0 -232 NaN
0 -231 NaN
0 -230 NaN
0 -229 NaN
0 -228 NaN
0 -227 NaN
0 -226 NaN
0 -225 NaN
0 -224 NaN
0 -223 NaN
0 -222 NaN
0 -221 NaN
0 -220 NaN
0 -219 NaN
0 -218 NaN
0 -217 NaN
0 -216 NaN
0 -215 NaN
0 -214 NaN
0 -213 NaN
0 -212 NaN
0 -211 NaN
0 -210 NaN
0 -209 NaN
0 -208 NaN
0 -207 NaN
0 -206 NaN
0 -205 NaN
0 -204 NaN
0 -203 NaN
0 -202 NaN
0 -201 NaN
0 -200 NaN
0 -199 NaN
0 -198 NaN
0 -197 NaN
0 -196 NaN
0 -195 NaN
0 -194 NaN
0 -193 NaN
0 -192 NaN
0 -191 NaN
0 -190 NaN
0 -189 NaN
0 -188 NaN
0 -187 NaN
0 -186 NaN
0 -185 NaN
0 -184 NaN
0 -183 NaN
0 -182 NaN
0 -181 NaN
0 -180 NaN
0 -179 NaN
0 -178 NaN
0 -177 NaN
0 -176 NaN
0 -175 NaN
0 -174 NaN
0 -173 NaN
0 -172 NaN
0 -171 NaN
0 -170 NaN
0 -169 NaN
0 -168 NaN
0 -167 NaN
0 -166 NaN
0 -165 NaN
0 -164 NaN
0 -163 NaN
0 -162 NaN
0 -161 NaN
0 -160 NaN
0 -159 NaN
0 -158 NaN
0 -157 NaN
0 -156 NaN
0 -155 NaN
0 -154 NaN
0 -153 NaN
0 -152 NaN
0 -151 NaN
0 -150 NaN
0 -149 NaN
0 -148 NaN
0 -147 NaN
0 -146 NaN
0 -145 NaN
0 -144 NaN
0 -143 NaN
0 -142 NaN
0 -141 NaN
0 -140 NaN
0 -139 NaN
0 -138 NaN
0 -137 NaN
0 -136 NaN
0 -135 NaN
0 -134 NaN
0 -133 NaN
0 -132 NaN
0 -131 NaN
0 -130 NaN
0 -129 NaN
0 -128 NaN
0 -127 NaN
0 -126 NaN
0 -125 NaN
0 -124 NaN
0 -123 NaN
0 -122 NaN
0 -121 NaN
0 -120 NaN
0 -119 NaN
0 -118 NaN
0 -117 NaN
0 -116 NaN
0 -115 NaN
0 -114 NaN
0 -113 NaN
0 -112 NaN
0 -111 NaN
0 -110 NaN
0 -109 NaN
0 -108 NaN
0 -107 NaN
0 -106 NaN
0 -105 NaN
0 -104 NaN
0 -103 NaN
0 -102 NaN
0 -101 NaN
0 -100 NaN
0 -99 NaN
0 -98 NaN
0 -97 NaN
0 -96 NaN
0 -95 NaN
0 -94 NaN
0 -93 NaN
0 -92 NaN
0 -91 NaN
0 -90 NaN
0 -89 NaN
0 -88 NaN
0 -87 NaN
0 -86 NaN
0 -85 NaN
0 -84 NaN
0 -83 NaN
0 -82 NaN
0 -81 NaN
0 -80 NaN
0 -79 NaN
0 -78 NaN
0 -77 NaN
0 -76 NaN
0 -75 NaN
0 -74 NaN
0 -73 NaN
0 -72 NaN
0 -71 NaN
0 -70 NaN
0 -69 NaN
0 -68 NaN
0 -67 NaN
0 -66 NaN
0 -65 NaN
0 -64 NaN
0 -63 NaN
0 -62 NaN
0 -61 NaN
0 -60 NaN
0 -59 NaN
0 -58 NaN
0 -57 NaN
0 -56 NaN
0 -55 NaN
0 -54 NaN
0 -53 NaN
0 -52 NaN
0 -51 NaN
0 -50 NaN
0 -49 NaN
0 -48 NaN
0 -47 NaN
0 -46 NaN
0 -45 NaN
0 -44 NaN
0 -43 NaN
0 -42 NaN
0 -41 NaN
0 -40 NaN
0 -39 NaN
0 -38 NaN
0 -37 NaN
0 -36 NaN
0 -35 NaN
0 -34 NaN
0 -33 NaN
0 -32 NaN
0 -31 NaN
0 -30 NaN
0 -29 NaN
0 -28 NaN
0 -27 NaN
0 -26 NaN
0 -25 NaN
0 -24 NaN
0 -23 NaN
0 -22 NaN
0 -21 NaN
0 -20 NaN
0 -19 NaN
0 -18 NaN
0 -17 NaN
0 -16 NaN
0 -15 NaN
0 -14 NaN
0 -13 NaN
0 -12 NaN
0 -11 NaN
0 -10 NaN
0 -9 NaN
0 -8 NaN
0 -7 NaN
0 -6 NaN
0 -5 NaN
0 -4 NaN
0 -3 NaN
0 -2 NaN
0 -1 NaN
0 0 NaN
0 1 NaN
0 2 NaN
0 3 NaN
0 4 NaN
0 5 NaN
0 6 NaN
0 7 NaN
0 8 NaN
0 9 NaN
0 10 NaN
0 11 NaN
0 12 NaN
0 13 NaN
0 14 NaN
0 15 NaN
0 16 NaN
0 17 NaN
0 18 NaN
0 19 NaN
0 20 NaN
0 21 NaN
0 22 NaN
0 23 NaN
0 24 NaN
0 25 NaN
0 26 NaN
0 27 NaN
0 28 NaN
0 29 NaN
0 30 NaN
0 31 NaN
0 32 NaN
0 33 NaN
0 34 NaN
0 35 NaN
0 36 NaN
0 37 NaN
0 38 NaN
0 39 NaN
0 40 NaN
0 41 NaN
0 42 NaN
0 43 NaN
0 44 NaN
0 45 NaN
0 46 NaN
0 47 NaN
0 48 NaN
0 49 NaN
0 50 NaN
0 51 NaN
0 52 NaN
0 53 NaN
0 54 NaN
0 55 NaN
0 56 NaN
0 57 NaN
0 58 NaN
0 59 NaN
0 60 NaN
0 61 NaN
0 62 NaN
0 63 NaN
0 64 NaN
0 65 NaN
0 66 NaN
0 67 NaN
0 68 NaN
0 69 NaN
0 70 NaN
0 71 NaN
0 72 NaN
0 73 NaN
0 74 NaN
0 75 NaN
0 76 NaN
0 77 NaN
0 78 NaN
0 79 NaN
0 80 NaN
0 81 NaN
0 82 NaN
0 83 NaN
0 84 NaN
0 85 NaN
0 86 NaN
0 87 NaN
0 88 NaN
0 89 NaN
0 90 NaN
0 91 NaN
0 92 NaN
0 93 NaN
0 94 NaN
0 95 NaN
0 96 NaN
0 97 NaN
0 98 NaN
0 99 NaN
0 100 NaN
0 101 NaN
0 102 NaN
0 103 NaN
0 104 NaN
0 105 NaN
0 106 NaN
0 107 NaN
0 108 NaN
0 109 NaN
0 110 NaN
0 111 NaN
0 112 NaN
0 113 NaN
0 114 NaN
0 115 NaN
0 116 NaN
0 117 NaN
0 118 NaN
0 119 NaN
0 120 NaN
0 121 NaN
0 122 NaN
0 123 NaN
0 124 NaN
0 125 NaN
0 126 NaN
0 127 NaN
0 128 NaN
0 129 NaN
0 130 NaN
0 131 NaN
0 132 NaN
0 133 NaN
0 134 NaN
0 135 NaN
0 136 NaN
0 137 NaN
0 138 NaN
0 139 NaN
0 140 NaN
0 141 NaN
0 142 NaN
0 143 NaN
0 144 NaN
0 145 NaN
0 146 NaN
0 147 NaN
0 148 NaN
0 149 NaN
0 150 NaN
0 151 NaN
0 152 NaN
0 153 NaN
0 154 NaN
0 155 NaN
0 156 NaN
0 157 NaN
0 158 NaN
0 159 NaN
0 160 NaN
0 161 NaN
0 162 NaN
0 163 NaN
0 164 NaN
0 165 NaN
0 166 NaN
0 167 NaN
0 168 NaN
0 169 NaN
0 170 NaN
0 171 NaN
0 172 NaN
0 173 NaN
0 174 NaN
0 175 NaN
0 176 NaN
0 177 NaN
0 178 NaN
0 179 NaN
0 180 NaN
0 181 NaN
0 182 NaN
0 183 NaN
0 184 NaN
0 185 NaN
0 186 NaN
0 187 NaN
0 188 NaN
0 189 NaN
0 190 NaN
0 191 NaN
0 192 NaN
0 193 NaN
0 194 NaN
0 195 NaN
0 196 NaN
0 197 NaN
0 198 NaN
0 199 NaN
0 200 NaN
0 201 NaN
0 202 NaN
0 203 NaN
0 204 NaN
0 205 NaN
0 206 NaN
0 207 NaN
0 208 NaN
0 209 NaN
0 210 NaN
0 211 NaN
0 212 NaN
0 213 NaN
0 214 NaN
0 215 NaN
0 216 NaN
0 217 NaN
0 218 NaN
0 219 NaN
0 220 NaN
0 221 NaN
0 222 NaN
0 223 NaN
0 224 NaN
0 225 NaN
0 226 NaN
0 227 NaN
0 228 NaN
0 229 NaN
0 230 NaN
0 231 NaN
0 232 NaN
0 233 NaN
0 234 NaN
0 235 NaN
0 236 NaN
0 237 NaN
0 238 NaN
0 239 NaN
0 240 NaN
0 241 NaN
0 242 NaN
0 243 NaN
0 244 NaN
0 245 NaN
0 246 NaN
0 247 NaN
0 248 NaN
0 249 NaN
0 250 NaN
0 251 NaN
0 252 NaN
0 253 NaN
0 254 NaN
0 255 NaN
0 256 NaN
0 257 NaN
0 258 NaN
0 259 NaN
0 260 NaN
0 261 NaN
0 262 NaN
0 263 NaN
0 264 NaN
0 265 NaN
0 266 NaN
0 267 NaN
0 268 NaN
0 269 NaN
0 270 NaN
0 271 NaN
0 272 NaN
0 273 NaN
0 274 NaN
0 275 NaN
0 276 NaN
0 277 NaN
0 278 NaN
0 279 NaN
0 280 NaN
0 281 NaN
0 282 NaN
0 283 NaN
0 284 NaN
0 285 NaN
0 286 NaN
0 287 NaN
0 288 NaN
0 289 NaN
0 290 NaN
0 291 NaN
0 292 NaN
0 293 NaN
0 294 NaN
0 295 NaN
0 296 NaN
0 297 NaN
0 298 NaN
0 299 NaN
0 300 NaN
0 301 NaN
0 302 NaN
0 303 NaN
0 304 NaN
0 305 NaN
0 306 NaN
0 307 NaN
0 308 NaN
0 309 NaN
0 310 NaN
0 311 NaN
0 312 NaN
0 313 NaN
0 314 NaN
0 315 NaN
0 316 NaN
0 317 NaN
0 318 NaN
0 319 NaN
0 320 NaN
0 321 NaN
0 322 NaN
0 323 NaN
0 324 NaN
0 325 NaN
0 326 NaN
0 327 NaN
0 328 NaN
0 329 NaN
0 330 NaN
0 331 NaN
0 332 NaN
0 333 NaN
0 334 NaN
0 335 NaN
0 336 NaN
0 337 NaN
0 338 NaN
0 339 NaN
0 340 NaN
0 341 NaN
0 342 NaN
0 343 NaN
0 344 NaN
0 345 NaN
0 346 NaN
0 347 NaN
0 348 NaN
0 349 NaN
0 350 NaN
0 351 NaN
0 352 NaN
0 353 NaN
0 354 NaN
0 355 NaN
0 356 NaN
0 357 NaN
0 358 NaN
0 359 NaN
0 360 NaN
0 361 NaN
0 362 NaN
0 363 NaN
0 364 NaN
0 365 NaN
0 366 NaN
0 367 NaN
0 368 NaN
0 369 NaN
0 370 NaN
0 371 NaN
0 372 NaN
0 373 NaN
0 374 NaN
0 375 NaN
0 376 NaN
0 377 NaN
0 378 NaN
0 379 NaN
0 380 NaN
0 381 NaN
0 382 NaN
0 383 NaN
0 384 NaN
0 385 NaN
0 386 NaN
0 387 NaN
0 388 NaN
0 389 NaN
0 390 NaN
0 391 NaN
0 392 NaN
0 393 NaN
0 394 NaN
0 395 NaN
0 396 NaN
0 397 NaN
0 398 NaN
0 399 NaN
65.4288 400 NaN
0 401 NaN
0 402 NaN
0 403 NaN
0 404 NaN
0 405 NaN
0 406 NaN
0 407 NaN
0 408 NaN
0 409 NaN
0 410 NaN
0 411 NaN
0 412 NaN
0 413 NaN
0 414 NaN
0 415 NaN
0 416 NaN
0 417 NaN
0 418 NaN
0 419 NaN
0 420 NaN
0 421 NaN
0 422 NaN
0 423 NaN
0 424 NaN
0 425 NaN
0 426 NaN
0 427 NaN
0 428 NaN
0 429 NaN
0 430 NaN
0 431 NaN
0 432 NaN
0 433 NaN
0 434 NaN
0 435 NaN
0 436 NaN
0 437 NaN
0 438 NaN
0 439 NaN
0 440 NaN
0 441 NaN
0 442 NaN
0 443 NaN
0 444 NaN
0 445 NaN
0 446 NaN
0 447 NaN
0 448 NaN
0 449 NaN
0 450 NaN
0 451 NaN
0 452 NaN
0 453 NaN
0 454 NaN
0 455 NaN
0 456 NaN
0 457 NaN
0 458 NaN
0 459 NaN
0 460 NaN
0 461 NaN
0 462 NaN
0 463 NaN
0 464 NaN
0 465 NaN
0 466 NaN
0 467 NaN
0 468 NaN
0 469 NaN
0 470 NaN
0 471 NaN
0 472 NaN
0 473 NaN
0 474 NaN
0 475 NaN
0 476 NaN
0 477 NaN
0 478 NaN
0 479 NaN
0 480 NaN
0 481 NaN
0 482 NaN
0 483 NaN
0 484 NaN
0 485 NaN
0 486 NaN
0 487 NaN
0 488 NaN
0 489 NaN
0 490 NaN
0 491 NaN
0 492 NaN
0 493 NaN
0 494 NaN
0 495 NaN
0 496 NaN
0 497 NaN
0 498 NaN
0 499 NaN
0 500 NaN
0 501 NaN
0 502 NaN
0 503 NaN
0 504 NaN
0 505 NaN
0 506 NaN
0 507 NaN
0 508 NaN
0 509 NaN
0 510 NaN
0 511 NaN
0 512 NaN
0 513 NaN
0 514 NaN
0 515 NaN
0 516 NaN
0 517 NaN
0 518 NaN
0 519 NaN
0 520 NaN
0 521 NaN
0 522 NaN
0 523 NaN
0 524 NaN
0 525 NaN
0 526 NaN
0 527 NaN
0 528 NaN
0 529 NaN
0 530 NaN
0.987689 531 NaN
0 532 NaN
0 533 NaN
0 534 NaN
0 535 NaN
0 536 NaN
0.820058 537 NaN
0 538 NaN
0 539 NaN
0 540 NaN
0 541 NaN
0 542 NaN
0 543 NaN
0 544 NaN
0 545 NaN
0 546 NaN
0 547 NaN
0 548 NaN
0 549 NaN
0 550 NaN
0 551 NaN
0 552 NaN
0 553 NaN
0 554 NaN
0 555 NaN
0 556 NaN
0 557 NaN
0 558 NaN
0 559 NaN
0 560 NaN
0 561 NaN
0 562 NaN
0 563 NaN
0 564 NaN
0 565 NaN
0 566 NaN
0 567 NaN
0 568 NaN
34.7648 569 NaN
36.8535 570 NaN
13.2115 571 NaN
0 572 NaN
0 573 NaN
0 574 NaN
11.098 575 NaN
22.1188 576 NaN
51.6072 577 NaN
52.1732 578 NaN
26.3687 579 NaN
48.9362 580 NaN
66.3419 581 NaN
36.2033 582 NaN
59.4691 583 NaN
54.8942 584 NaN
46.4052 585 NaN
78.8209 586 NaN
41.332 587 NaN
72.824 588 NaN
53.5274 589 NaN
62.2156 590 NaN
73.093 591 NaN
62.024 592 NaN
78.6576 593 NaN
63.3576 594 NaN
84.234 595 NaN
68.7459 596 NaN
77.6207 597 NaN
80.7932 598 NaN
70.8658 599 NaN
95.3796 600 NaN
66.6212 601 NaN
99.0944 602 NaN
80.0841 603 NaN
82.0516 604 NaN
102.499 605 NaN
78.5691 606 NaN
99.2565 607 NaN
104.005 608 NaN
82.7446 609 NaN
101.545 610 NaN
110.66 611 NaN
93.041 612 NaN
92.6838 613 NaN
114.888 614 NaN
111.617 615 NaN
94.4442 616 NaN
99.1205 617 NaN
120.804 618 NaN
119.447 619 NaN
107.091 620 NaN
101.217 621 NaN
115.275 622 NaN
126.352 623 NaN
127.772 624 NaN
123.029 625 NaN
116.344 626 NaN
113.709 627 NaN
117.836 628 NaN
127.382 629 NaN
134.393 630 NaN
137.28 631 NaN
139.431 632 NaN
141.511 633 NaN
141.385 634 NaN
141.915 635 NaN
141.376 636 NaN
141.413 637 NaN
143.093 638 NaN
144.766 639 NaN
146.307 640 NaN
148.1 641 NaN
151.42 642 NaN
154.284 643 NaN
156.815 644 NaN
157.538 645 NaN
158.248 646 NaN
159.804 647 NaN
155.573 648 NaN
151.156 649 NaN
152.563 650 NaN
157.777 651 NaN
163.213 652 NaN
171.392 653 NaN
171.664 654 NaN
168.031 655 NaN
164.395 656 NaN
166.961 657 NaN
177.122 658 NaN
178.897 659 NaN
175.427 660 NaN
173.607 661 NaN
179.869 662 NaN
184.136 663 NaN
177.318 664 NaN
181.542 665 NaN
187.282 666 NaN
183.486 667 NaN
182.76 668 NaN
192.913 669 NaN
191.338 670 NaN
184.343 671 NaN
195.811 672 NaN
193.945 673 NaN
190.116 674 NaN
199.68 675 NaN
193.908 676 NaN
195.331 677 NaN
199.982 678 NaN
193.885 679 NaN
202.88 680 NaN
197.905 681 NaN
201.986 682 NaN
204.123 683 NaN
200.219 684 NaN
209.15 685 NaN
202.262 686 NaN
212.03 687 NaN
203.687 688 NaN
213.987 689 NaN
208.22 690 NaN
215.589 691 NaN
208.558 692 NaN
218.724 693 NaN
211.238 694 NaN
223.098 695 NaN
216.123 696 NaN
224.897 697 NaN
219.206 698 NaN
223.56 699 NaN
227.225 700 NaN
222.424 701 NaN
232.578 702 NaN
225.633 703 NaN
230.678 704 NaN
235.986 705 NaN
227.15 706 NaN
237.428 707 NaN
238.727 708 NaN
232.621 709 NaN
240.791 710 NaN
242.774 711 NaN
234.466 712 NaN
241.531 713 NaN
247.744 714 NaN
244.103 715 NaN
242.966 716 NaN
250.327 717 NaN
252.128 718 NaN
249.555 719 NaN
249.043 720 NaN
253.523 721 NaN
259.449 722 NaN
262.081 723 NaN
258.253 724 NaN
257.528 725 NaN
260.614 726 NaN
265.716 727 NaN
268.837 728 NaN
272.087 729 NaN
276.127 730 NaN
272.25 731 NaN
274.888 732 NaN
273.391 733 NaN
273.697 734 NaN
277.045 735 NaN
276.855 736 NaN
279.627 737 NaN
279.416 738 NaN
281.473 739 NaN
283.915 740 NaN
286.93 741 NaN
287.752 742 NaN
291.449 743 NaN
291.348 744 NaN
297.663 745 NaN
298.126 746 NaN
299.885 747 NaN
300.108 748 NaN
298.555 749 NaN
298.743 750 NaN
299.539 751 NaN
302.926 752 NaN
306.573 753 NaN
305.599 754 NaN
311.224 755 NaN
308.658 756 NaN
311.866 757 NaN
314.982 758 NaN
317.519 759 NaN
318.465 760 NaN
316.469 761 NaN
320.469 762 NaN
325.009 763 NaN
321.284 764 NaN
323.989 765 NaN
328.864 766 NaN
329.068 767 NaN
326.985 768 NaN
331.197 769 NaN
332.666 770 NaN
331.125 771 NaN
331.306 772 NaN
336.766 773 NaN
333.003 774 NaN
341.719 775 NaN
339.098 776 NaN
344.51 777 NaN
344.271 778 NaN
344.734 779 NaN
351.13 780 NaN
348.398 781 NaN
353.945 782 NaN
351.489 783 NaN
355.215 784 NaN
354.779 785 NaN
358.719 786 NaN
360.427 787 NaN
360.296 788 NaN
362.427 789 NaN
361.774 790 NaN
367.244 791 NaN
365.651 792 NaN
372.723 793 NaN
368.879 794 NaN
370.087 795 NaN
374.801 796 NaN
373.37 797 NaN
375.509 798 NaN
378.624 799 NaN
374.896 800 NaN
379.865 801 NaN
384.988 802 NaN
379.215 803 NaN
382.533 804 NaN
389.257 805 NaN
388.76 806 NaN
394.934 807 NaN
389.912 808 NaN
394.976 809 NaN
397.786 810 NaN
396.178 811 NaN
394.591 812 NaN
398.77 813 NaN
400.566 814 NaN
406.012 815 NaN
404.821 816 NaN
403.132 817 NaN
401.37 818 NaN
401.951 819 NaN
408.726 820 NaN
411.01 821 NaN
416.172 822 NaN
414.68 823 NaN
414.562 824 NaN
420.345 825 NaN
416.981 826 NaN
421.519 827 NaN
419.299 828 NaN
422.054 829 NaN
424.85 830 NaN
423.651 831 NaN
426.65 832 NaN
427.998 833 NaN
429.944 834 NaN
432.435 835 NaN
432.905 836 NaN
437.506 837 NaN
442.673 838 NaN
442.358 839 NaN
444.531 840 NaN
443.146 841 NaN
443.356 842 NaN
444.554 843 NaN
446.634 844 NaN
450.742 845 NaN
450.767 846 NaN
451.748 847 NaN
451.919 848 NaN
454.62 849 NaN
458.621 850 NaN
459.801 851 NaN
458.727 852 NaN
460.596 853 NaN
465.835 854 NaN
465.062 855 NaN
464.6 856 NaN
467.806 857 NaN
470.311 858 NaN
469.861 859 NaN
472.716 860 NaN
475.12 861 NaN
474.974 862 NaN
478.117 863 NaN
481.21 864 NaN
479.518 865 NaN
483.892 866 NaN
482.625 867 NaN
485.793 868 NaN
488.647 869 NaN
491.806 870 NaN
491.435 871 NaN
492.405 872 NaN
494.512 873 NaN
495.108 874 NaN
498.388 875 NaN
497.829 876 NaN
501.628 877 NaN
502.583 878 NaN
506.586 879 NaN
508.359 880 NaN
507.612 881 NaN
510.63 882 NaN
511.638 883 NaN
512.682 884 NaN
517.351 885 NaN
521.56 886 NaN
520.213 887 NaN
523.808 888 NaN
524.495 889 NaN
524.553 890 NaN
527.64 891 NaN
529.302 892 NaN
530.211 893 NaN
537.385 894 NaN
534.218 895 NaN
536.956 896 NaN
536.993 897 NaN
537.142 898 NaN
538.815 899 NaN
546.727 900 NaN
544.479 901 NaN
546.659 902 NaN
546.841 903 NaN
546.596 904 NaN
550.051 905 NaN
549.733 906 NaN
552.982 907 NaN
553.43 908 NaN
556.999 909 NaN
557.22 910 NaN
559.242 911 NaN
558.817 912 NaN
560.329 913 NaN
564.752 914 NaN
562.992 915 NaN
562.051 916 NaN
566.061 917 NaN
566.767 918 NaN
572.276 919 NaN
571.793 920 NaN
572.966 921 NaN
577.242 922 NaN
576.754 923 NaN
578.473 924 NaN
582.323 925 NaN
586.12 926 NaN
585.167 927 NaN
591.642 928 NaN
590.685 929 NaN
592.031 930 NaN
595.666 931 NaN
592.632 932 NaN
590.978 933 NaN
595.469 934 NaN
596.972 935 NaN
597.507 936 NaN
597.525 937 NaN
598.945 938 NaN
600.114 939 NaN
606.882 940 NaN
602.967 941 NaN
602.258 942 NaN
604.561 943 NaN
605.435 944 NaN
604.828 945 NaN
612.774 946 NaN
608.391 947 NaN
607.82 948 NaN
609.45 949 NaN
611.149 950 NaN
608.754 951 NaN
612.867 952 NaN
615.853 953 NaN
614.121 954 NaN
616.98 955 NaN
618.989 956 NaN
615.701 957 NaN
619.539 958 NaN
620.343 959 NaN
618.967 960 NaN
621.429 961 NaN
619.932 962 NaN
620.754 963 NaN
622.349 964 NaN
622.285 965 NaN
623.85 966 NaN
621.832 967 NaN
625.982 968 NaN
624.401 969 NaN
626.002 970 NaN
628.116 971 NaN
629.133 972 NaN
630.138 973 NaN
633.602 974 NaN
639.012 975 NaN
632.16 976 NaN
642.252 977 NaN
632.065 978 NaN
634.28 979 NaN
634.366 980 NaN
636.936 981 NaN
634.705 982 NaN
639.531 983 NaN
637.939 984 NaN
647.137 985 NaN
646.747 986 NaN
648.098 987 NaN
648.708 988 NaN
649.075 989 NaN
652.126 990 NaN
651.02 991 NaN
652.66 992 NaN
654.425 993 NaN
652.726 994 NaN
654.164 995 NaN
655.465 996 NaN
654.57 997 NaN
655.137 998 NaN
654.674 999 NaN
653.295 1000 NaN
647.31 1001 NaN
651.304 1002 NaN
652.387 1003 NaN
651.945 1004 NaN
653.521 1005 NaN
642.659 1006 NaN
656.712 1007 NaN
654.89 1008 NaN
647.581 1009 NaN
656.703 1010 NaN
664.496 1011 NaN
660.014 1012 NaN
655.794 1013 NaN
657.008 1014 NaN
657.988 1015 NaN
659.058 1016 NaN
657.687 1017 NaN
657.61 1018 NaN
658.244 1019 NaN
655.247 1020 NaN
663.172 1021 NaN
657.138 1022 NaN
655.974 1023 NaN
660.62 1024 NaN
-657.942 NaN -887.02
-644.584 NaN -995.254
-631.226 NaN -807.307
-617.868 NaN -766.704
-604.51 NaN -841.621
-591.152 NaN -924.447
-577.794 NaN -957.386
-564.436 NaN -940.858
-551.078 NaN -905.504
-537.72 NaN -884.083
-524.362 NaN -895.316
-511.004 NaN -940.008
-497.646 NaN -1005.32
-484.289 NaN -1072.43
-470.931 NaN -1123.85
-457.573 NaN -1148.47
-444.215 NaN -1143.47
-430.857 NaN -1113.58
-417.499 NaN -1068.61
-404.141 NaN -1020.18
-390.783 NaN -978.688
-377.425 NaN -951.091
-364.067 NaN -939.843
-350.709 NaN -942.992
-337.351 NaN -955.202
-323.993 NaN -969.362
-310.635 NaN -978.36
-297.277 NaN -976.677
-283.919 NaN -961.505
-270.561 NaN -933.259
-257.203 NaN -895.427
-243.845 NaN -853.861
-230.487 NaN -815.659
-217.129 NaN -787.853
-203.771 NaN -776.129
-190.413 NaN -783.765
-177.055 NaN -810.955
-163.697 NaN -854.594
-150.34 NaN -908.538
-136.982 NaN -964.298
-123.624 NaN -1012.06
-110.266 NaN -1041.86
-96.9077 NaN -1044.86
-83.5497 NaN -1014.37
-70.1918 NaN -946.716
-56.8338 NaN -841.688
-43.4759 NaN -702.611
-30.1179 NaN -535.993
-16.7599 NaN -350.84
-3.40198 NaN -157.692
9.95598 NaN 32.4713
23.3139 NaN 209.346
36.6719 NaN 364.303
50.0299 NaN 491.168
63.3878 NaN 586.694
76.7458 NaN 650.689
90.1037 NaN 685.8
103.462 NaN 696.993
116.82 NaN 690.8
130.178 NaN 674.439
143.536 NaN 654.917
156.894 NaN 638.225
170.251 NaN 628.729
183.609 NaN 628.81
196.967 NaN 638.807
210.325 NaN 657.241
223.683 NaN 681.278
237.041 NaN 707.357
250.399 NaN 731.885
263.757 NaN 751.883
277.115 NaN 765.485
290.473 NaN 772.224
303.831 NaN 773.039
317.189 NaN 770.03
330.547 NaN 765.983
343.905 NaN 763.776
357.263 NaN 765.752
370.621 NaN 773.218
383.979 NaN 786.144
397.337 NaN 803.172
410.695 NaN 821.924
424.053 NaN 839.582
437.411 NaN 853.615
450.769 NaN 862.478
464.127 NaN 866.108
477.485 NaN 866.031
490.843 NaN 864.994
504.2 NaN 866.157
517.558 NaN 872.008
530.916 NaN 883.356
544.274 NaN 898.794
557.632 NaN 915.032
570.99 NaN 928.265
584.348 NaN 936.279
597.706 NaN 940.438
611.064 NaN 946.045
624.422 NaN 959.532
637.78 NaN 982.132
651.138 NaN 1003.85
664.496 NaN 1011.03
