-665.593 -1024 NaN
-663.112 -1023 NaN
-661.748 -1022 NaN
-663.853 -1021 NaN
-665.876 -1020 NaN
-663.922 -1019 NaN
-662.993 -1018 NaN
-662.712 -1017 NaN
-662.84 -1016 NaN
-665.456 -1015 NaN
-662.104 -1014 NaN
-662.308 -1013 NaN
-660.882 -1012 NaN
-662.886 -1011 NaN
-662.463 -1010 NaN
-661.542 -1009 NaN
-662.421 -1008 NaN
-660.351 -1007 NaN
-657.106 -1006 NaN
-663.852 -1005 NaN
-659.882 -1004 NaN
-665.557 -1003 NaN
-665.258 -1002 NaN
-662.912 -1001 NaN
-663.601 -1000 NaN
-657.652 -999 NaN
-663.612 -998 NaN
-664.386 -997 NaN
-661.156 -996 NaN
-663.525 -995 NaN
-664.103 -994 NaN
-660.265 -993 NaN
-644.784 -992 NaN
-634.892 -991 NaN
-637.101 -990 NaN
-645.179 -989 NaN
-601.52 -988 NaN
-474.012 -987 NaN
-418.117 -986 NaN
-405.441 -985 NaN
-401.81 -984 NaN
-398.22 -983 NaN
-398.568 -982 NaN
-397.394 -981 NaN
-395.322 -980 NaN
-395.998 -979 NaN
-396.133 -978 NaN
-397.255 -977 NaN
-396.828 -976 NaN
-395.165 -975 NaN
-397.032 -974 NaN
-399.12 -973 NaN
-398.516 -972 NaN
-397.666 -971 NaN
-398.013 -970 NaN
-397.498 -969 NaN
-399.018 -968 NaN
-399.716 -967 NaN
-398.656 -966 NaN
-398.282 -965 NaN
-393.615 -964 NaN
-397.944 -963 NaN
-400.191 -962 NaN
-399.401 -961 NaN
-401.45 -960 NaN
-400.559 -959 NaN
-400.004 -958 NaN
-401.034 -957 NaN
-458.774 -956 NaN
-532.142 -955 NaN
-574.061 -954 NaN
-586.628 -953 NaN
-586.807 -952 NaN
-598.62 -951 NaN
-606.113 -950 NaN
-609.71 -949 NaN
-613.163 -948 NaN
-612.947 -947 NaN
-610.02 -946 NaN
-616.973 -945 NaN
-617.747 -944 NaN
-611.873 -943 NaN
-620.643 -942 NaN
-615.923 -941 NaN
-618.383 -940 NaN
-610.748 -939 NaN
-615.226 -938 NaN
-615.472 -937 NaN
-616.76 -936 NaN
-614.692 -935 NaN
-614.832 -934 NaN
-613.532 -933 NaN
-613.587 -932 NaN
-609.981 -931 NaN
-611.052 -930 NaN
-606.746 -929 NaN
-608.063 -928 NaN
-612.399 -927 NaN
-608.667 -926 NaN
-606.228 -925 NaN
-607.176 -924 NaN
-599.314 -923 NaN
-581.176 -922 NaN
-580.675 -921 NaN
-585.729 -920 NaN
-590.645 -919 NaN
-593.519 -918 NaN
-599.421 -917 NaN
-593.096 -916 NaN
-593.078 -915 NaN
-592.45 -914 NaN
-593.131 -913 NaN
-585.748 -912 NaN
-594.096 -911 NaN
-590.435 -910 NaN
-586.787 -909 NaN
-570.822 -908 NaN
-438.62 -907 NaN
-380.246 -906 NaN
-361.058 -905 NaN
-357.428 -904 NaN
-351.447 -903 NaN
-346.667 -902 NaN
-347.698 -901 NaN
-351.61 -900 NaN
-346.215 -899 NaN
-345.69 -898 NaN
-329.293 -897 NaN
-338.147 -896 NaN
-336.859 -895 NaN
-330.713 -894 NaN
-330.036 -893 NaN
-323.466 -892 NaN
-284.788 -891 NaN
-279.199 -890 NaN
-270.328 -889 NaN
-256.094 -888 NaN
-263.493 -887 NaN
-246.484 -886 NaN
-265.255 -885 NaN
-231.683 -884 NaN
-216.028 -883 NaN
-246.754 -882 NaN
-222.387 -881 NaN
-220.473 -880 NaN
-225.655 -879 NaN
-228.85 -878 NaN
-179.443 -877 NaN
-186.719 -876 NaN
-195.831 -875 NaN
-161.511 -874 NaN
-218.172 -873 NaN
-232.514 -872 NaN
-172.206 -871 NaN
-162.747 -870 NaN
-122.496 -869 NaN
-144.82 -868 NaN
-113.438 -867 NaN
-146.026 -866 NaN
-111.973 -865 NaN
-136.641 -864 NaN
-115.295 -863 NaN
-143.842 -862 NaN
-115.291 -861 NaN
-158.879 -860 NaN
-108.832 -859 NaN
-158.672 -858 NaN
-131.605 -857 NaN
-108.745 -856 NaN
-108.021 -855 NaN
-106.229 -854 NaN
-105.549 -853 NaN
-87.105 -852 NaN
-91.0986 -851 NaN
-102.283 -850 NaN
-83.4238 -849 NaN
-91.455 -848 NaN
-89.8473 -847 NaN
-84.4874 -846 NaN
-92.685 -845 NaN
-86.3413 -844 NaN
-93.8232 -843 NaN
-98.3275 -842 NaN
-95.3474 -841 NaN
-95.5367 -840 NaN
-98.5464 -839 NaN
-119.45 -838 NaN
-101.589 -837 NaN
-96.5971 -836 NaN
-128.636 -835 NaN
-101.956 -834 NaN
-98.7546 -833 NaN
-104.701 -832 NaN
-104.418 -831 NaN
-104.909 -830 NaN
-106.104 -829 NaN
-98.1822 -828 NaN
-99.3311 -827 NaN
-128.042 -826 NaN
-103.989 -825 NaN
-92.6439 -824 NaN
-120.489 -823 NaN
-118.653 -822 NaN
-100.662 -821 NaN
-109.26 -820 NaN
-106.952 -819 NaN
-98.4402 -818 NaN
-134.297 -817 NaN
-115.078 -816 NaN
-90.1394 -815 NaN
-107.82 -814 NaN
-107.775 -813 NaN
-108.478 -812 NaN
-99.8402 -811 NaN
-93.4392 -810 NaN
-89.4098 -809 NaN
-90.4392 -808 NaN
-85.0928 -807 NaN
-61.7778 -806 NaN
-103.266 -805 NaN
-60.3483 -804 NaN
-51.385 -803 NaN
-54.8076 -802 NaN
-69.0599 -801 NaN
-62.4685 -800 NaN
-97.1542 -799 NaN
-69.1668 -798 NaN
-72.1405 -797 NaN
-101.952 -796 NaN
-73.4921 -795 NaN
-88.9979 -794 NaN
-87.7077 -793 NaN
-75.7567 -792 NaN
-98.1115 -791 NaN
-72.2312 -790 NaN
-87.7155 -789 NaN
-73.1262 -788 NaN
-75.3362 -787 NaN
-80.264 -786 NaN
-72.9339 -785 NaN
-82.0596 -784 NaN
-69.7716 -783 NaN
-79.369 -782 NaN
-67.2153 -781 NaN
-81.7184 -780 NaN
-67.1764 -779 NaN
-78.4399 -778 NaN
-66.2465 -777 NaN
-77.2503 -776 NaN
-66.0365 -775 NaN
-76.7583 -774 NaN
-64.2524 -773 NaN
-75.3881 -772 NaN
-147.667 -771 NaN
-65.6501 -770 NaN
-78.6365 -769 NaN
-93.1432 -768 NaN
-108.244 -767 NaN
-85.9018 -766 NaN
-74.4639 -765 NaN
-62.3968 -764 NaN
-83.9986 -763 NaN
-60.9345 -762 NaN
-30.6871 -761 NaN
-54.152 -760 NaN
-43.6173 -759 NaN
-31.3666 -758 NaN
-33.776 -757 NaN
-48.8728 -756 NaN
-52.8108 -755 NaN
-54.6393 -754 NaN
-57.2603 -753 NaN
-43.642 -752 NaN
-61.246 -751 NaN
-57.3514 -750 NaN
-53.0021 -749 NaN
-64.38 -748 NaN
-48.8168 -747 NaN
-60.5544 -746 NaN
-55.047 -745 NaN
-48.601 -744 NaN
-61.7236 -743 NaN
-47.4094 -742 NaN
-51.1065 -741 NaN
-57.5589 -740 NaN
-43.3372 -739 NaN
-52.5595 -738 NaN
-51.8051 -737 NaN
-41.0703 -736 NaN
-51.9342 -735 NaN
-48.9787 -734 NaN
-39.2743 -733 NaN
-49.5113 -732 NaN
-48.6778 -731 NaN
-38.4062 -730 NaN
-45.6592 -729 NaN
-49.3603 -728 NaN
-37.1662 -727 NaN
-39.2123 -726 NaN
-49.8505 -725 NaN
-37.9642 -724 NaN
-32.8441 -723 NaN
-44.8413 -722 NaN
-43.6905 -721 NaN
-31.8458 -720 NaN
-30.1504 -719 NaN
-42.787 -718 NaN
-38.0113 -717 NaN
-26.61 -716 NaN
-20.6245 -715 NaN
-29.2254 -714 NaN
-38.9163 -713 NaN
-24.0527 -712 NaN
-21.6924 -711 NaN
-20.9151 -710 NaN
-0 -709 NaN
-0 -708 NaN
-0 -707 NaN
-0 -706 NaN
-0 -705 NaN
-0 -704 NaN
-0 -703 NaN
-0 -702 NaN
-0 -701 NaN
-0 -700 NaN
-0 -699 NaN
-0 -698 NaN
-0 -697 NaN
-0 -696 NaN
-0 -695 NaN
-0 -694 NaN
-0 -693 NaN
-0 -692 NaN
-0 -691 NaN
-0 -690 NaN
-0 -689 NaN
-0 -688 NaN
-0 -687 NaN
-0 -686 NaN
-0 -685 NaN
-0 -684 NaN
-0 -683 NaN
-0 -682 NaN
-0 -681 NaN
-0 -680 NaN
-0 -679 NaN
-0 -678 NaN
-0 -677 NaN
-0 -676 NaN
-0 -675 NaN
-0 -674 NaN
-0 -673 NaN
-0 -672 NaN
-0 -671 NaN
-0 -670 NaN
-0 -669 NaN
-0 -668 NaN
-0 -667 NaN
-0 -666 NaN
-0 -665 NaN
-0 -664 NaN
-0 -663 NaN
-0 -662 NaN
-0 -661 NaN
-0 -660 NaN
-0 -659 NaN
-0 -658 NaN
-0 -657 NaN
-0 -656 NaN
-0 -655 NaN
-0 -654 NaN
-0 -653 NaN
-0 -652 NaN
-0 -651 NaN
-0 -650 NaN
-0 -649 NaN
-0 -648 NaN
-0 -647 NaN
-0 -646 NaN
-0 -645 NaN
-0 -644 NaN
-0 -643 NaN
-0 -642 NaN
-0 -641 NaN
-0 -640 NaN
-0 -639 NaN
-0 -638 NaN
-0 -637 NaN
-0 -636 NaN
-0 -635 NaN
-0 -634 NaN
-0 -633 NaN
-0 -632 NaN
-0 -631 NaN
-0 -630 NaN
-0 -629 NaN
-0 -628 NaN
-0 -627 NaN
-0 -626 NaN
-0 -625 NaN
-0 -624 NaN
-0 -623 NaN
-0 -622 NaN
-0 -621 NaN
-0 -620 NaN
-0 -619 NaN
-0 -618 NaN
-0 -617 NaN
-0 -616 NaN
-0 -615 NaN
-0 -614 NaN
-0 -613 NaN
-0 -612 NaN
-0 -611 NaN
-0 -610 NaN
-0 -609 NaN
-0 -608 NaN
-0 -607 NaN
-0 -606 NaN
-0 -605 NaN
-0 -604 NaN
-0 -603 NaN
-0 -602 NaN
-0 -601 NaN
-7.60933 -600 NaN
-14.2679 -599 NaN
-88.3453 -598 NaN
-2.44887 -597 NaN
-0 -596 NaN
-0 -595 NaN
-0 -594 NaN
-0 -593 NaN
-0 -592 NaN
-0 -591 NaN
-0 -590 NaN
-0 -589 NaN
-0 -588 NaN
-0 -587 NaN
-0 -586 NaN
-0 -585 NaN
-0 -584 NaN
-0 -583 NaN
-0 -582 NaN
-0 -581 NaN
-0 -580 NaN
-0 -579 NaN
-0 -578 NaN
-0 -577 NaN
-0 -576 NaN
-0 -575 NaN
-0 -574 NaN
-0 -573 NaN
-0 -572 NaN
-0 -571 NaN
-0 -570 NaN
-0 -569 NaN
-0 -568 NaN
-0 -567 NaN
-0 -566 NaN
-0 -565 NaN
-0 -564 NaN
-0 -563 NaN
-0.627954 -562 NaN
-0 -561 NaN
-0 -560 NaN
-0 -559 NaN
-0 -558 NaN
-0 -557 NaN
-9.85931 -556 NaN
-26.9759 -555 NaN
-13.3169 -554 NaN
-0 -553 NaN
-0 -552 NaN
-0 -551 NaN
-0 -550 NaN
-0 -549 NaN
-0 -548 NaN
-0 -547 NaN
-0 -546 NaN
-0 -545 NaN
-0 -544 NaN
-0 -543 NaN
-0 -542 NaN
-0 -541 NaN
-0 -540 NaN
-0 -539 NaN
-0 -538 NaN
-0 -537 NaN
-0 -536 NaN
-0 -535 NaN
-0 -534 NaN
-0 -533 NaN
-0 -532 NaN
-0 -531 NaN
-0 -530 NaN
-0.789793 -529 NaN
-0 -528 NaN
-0 -527 NaN
-0 -526 NaN
-0 -525 NaN
-0 -524 NaN
-0 -523 NaN
-1.64678 -522 NaN
-0 -521 NaN
-0 -520 NaN
-0 -519 NaN
-0 -518 NaN
-0 -517 NaN
-0 -516 NaN
-0 -515 NaN
-0 -514 NaN
-0 -513 NaN
-0 -512 NaN
-0 -511 NaN
-0 -510 NaN
-0 -509 NaN
-0 -508 NaN
-0 -507 NaN
-0 -506 NaN
-0 -505 NaN
-0 -504 NaN
-0 -503 NaN
-0 -502 NaN
-0 -501 NaN
-0 -500 NaN
-0 -499 NaN
-0 -498 NaN
-0 -497 NaN
-0 -496 NaN
-0 -495 NaN
-0 -494 NaN
-0 -493 NaN
-0 -492 NaN
-0 -491 NaN
-0 -490 NaN
-0 -489 NaN
-0 -488 NaN
-0 -487 NaN
-0 -486 NaN
-0 -485 NaN
-0 -484 NaN
-0 -483 NaN
-0 -482 NaN
-0 -481 NaN
-0 -480 NaN
-0 -479 NaN
-0 -478 NaN
-0 -477 NaN
-0 -476 NaN
-0 -475 NaN
-0 -474 NaN
-0 -473 NaN
-0 -472 NaN
-0 -471 NaN
-0 -470 NaN
-0 -469 NaN
-0 -468 NaN
-0 -467 NaN
-0 -466 NaN
-0 -465 NaN
-0 -464 NaN
-0 -463 NaN
-0 -462 NaN
-0 -461 NaN
-0 -460 NaN
-0 -459 NaN
-0 -458 NaN
-0 -457 NaN
-0 -456 NaN
-0 -455 NaN
-0 -454 NaN
-0 -453 NaN
-0 -452 NaN
-0 -451 NaN
-0 -450 NaN
-0 -449 NaN
-0 -448 NaN
-0 -447 NaN
-0 -446 NaN
-0 -445 NaN
-0 -444 NaN
-0 -443 NaN
-0 -442 NaN
-0 -441 NaN
-0 -440 NaN
-0 -439 NaN
-0 -438 NaN
-0 -437 NaN
-0 -436 NaN
-0 -435 NaN
-0 -434 NaN
-0 -433 NaN
-0 -432 NaN
-0 -431 NaN
-0 -430 NaN
-0 -429 NaN
-0 -428 NaN
-0 -427 NaN
-0 -426 NaN
-0 -425 NaN
-0 -424 NaN
-0 -423 NaN
-0 -422 NaN
-0 -421 NaN
-0 -420 NaN
-0 -419 NaN
-0 -418 NaN
-0 -417 NaN
-0 -416 NaN
-0 -415 NaN
-0 -414 NaN
-0 -413 NaN
-0 -412 NaN
-0 -411 NaN
-0 -410 NaN
-0 -409 NaN
-0 -408 NaN
-0 -407 NaN
-0 -406 NaN
-0 -405 NaN
-0 -404 NaN
-0 -403 NaN
-0 -402 NaN
-0 -401 NaN
-0 -400 NaN
0 -399 NaN
0 -398 NaN
0 -397 NaN
0 -396 NaN
0 -395 NaN
0 -394 NaN
0 -393 NaN
0 -392 NaN
0 -391 NaN
0 -390 NaN
0 -389 NaN
0 -388 NaN
0 -387 NaN
0 -386 NaN
0 -385 NaN
0 -384 NaN
0 -383 NaN
0 -382 NaN
0 -381 NaN
0 -380 NaN
0 -379 NaN
0 -378 NaN
0 -377 NaN
0 -376 NaN
0 -375 NaN
0 -374 NaN
0 -373 NaN
0 -372 NaN
0 -371 NaN
0 -370 NaN
0 -369 NaN
0 -368 NaN
0 -367 NaN
0 -366 NaN
0 -365 NaN
0 -364 NaN
0 -363 NaN
0 -362 NaN
0 -361 NaN
0 -360 NaN
0 -359 NaN
0 -358 NaN
0 -357 NaN
0 -356 NaN
0 -355 NaN
0 -354 NaN
0 -353 NaN
0 -352 NaN
0 -351 NaN
0 -350 NaN
0 -349 NaN
0 -348 NaN
0 -347 NaN
0 -346 NaN
0 -345 NaN
0 -344 NaN
0 -343 NaN
0 -342 NaN
0 -341 NaN
0 -340 NaN
0 -339 NaN
0 -338 NaN
0 -337 NaN
0 -336 NaN
0 -335 NaN
0 -334 NaN
0 -333 NaN
0 -332 NaN
0 -331 NaN
0 -330 NaN
0 -329 NaN
0 -328 NaN
0 -327 NaN
0 -326 NaN
0 -325 NaN
0 -324 NaN
0 -323 NaN
0 -322 NaN
0 -321 NaN
0 -320 NaN
0 -319 NaN
0 -318 NaN
0 -317 NaN
0 -316 NaN
0 -315 NaN
0 -314 NaN
0 -313 NaN
0 -312 NaN
0 -311 NaN
0 -310 NaN
0 -309 NaN
0 -308 NaN
0 -307 NaN
0 -306 NaN
0 -305 NaN
0 -304 NaN
0 -303 NaN
0 -302 NaN
0 -301 NaN
0 -300 NaN
0 -299 NaN
0 -298 NaN
0 -297 NaN
0 -296 NaN
0 -295 NaN
0 -294 NaN
0 -293 NaN
0 -292 NaN
0 -291 NaN
0 -290 NaN
0 -289 NaN
0 -288 NaN
0 -287 NaN
0 -286 NaN
0 -285 NaN
0 -284 NaN
0 -283 NaN
0 -282 NaN
0 -281 NaN
0 -280 NaN
0 -279 NaN
0 -278 NaN
0 -277 NaN
0 -276 NaN
0 -275 NaN
0 -274 NaN
0 -273 NaN
0 -272 NaN
0 -271 NaN
0 -270 NaN
0 -269 NaN
0 -268 NaN
0 -267 NaN
0 -266 NaN
0 -265 NaN
0 -264 NaN
0 -263 NaN
0 -262 NaN
0 -261 NaN
0 -260 NaN
0 -259 NaN
0 -258 NaN
0 -257 NaN
0 -256 NaN
0 -255 NaN
0 -254 NaN
0 -253 NaN
0 -252 NaN
0 -251 NaN
0 -250 NaN
0 -249 NaN
0 -248 NaN
0 -247 NaN
0 -246 NaN
0 -245 NaN
0 -244 NaN
0 -243 NaN
0 -242 NaN
0 -241 NaN
0 -240 NaN
0 -239 NaN
0 -238 NaN
0 -237 NaN
0 -236 NaN
0 -235 NaN
0 -234 NaN
0 -233 NaN
0 -232 NaN
0 -231 NaN
0 -230 NaN
0 -229 NaN
0 -228 NaN
0 -227 NaN
0 -226 NaN
0 -225 NaN
0 -224 NaN
0 -223 NaN
0 -222 NaN
0 -221 NaN
0 -220 NaN
0 -219 NaN
0 -218 NaN
0 -217 NaN
0 -216 NaN
0 -215 NaN
0 -214 NaN
0 -213 NaN
0 -212 NaN
0 -211 NaN
0 -210 NaN
0 -209 NaN
0 -208 NaN
0 -207 NaN
0 -206 NaN
0 -205 NaN
0 -204 NaN
0 -203 NaN
0 -202 NaN
0 -201 NaN
0 -200 NaN
0 -199 NaN
0 -198 NaN
0 -197 NaN
0 -196 NaN
0 -195 NaN
0 -194 NaN
0 -193 NaN
0 -192 NaN
0 -191 NaN
0 -190 NaN
0 -189 NaN
0 -188 NaN
0 -187 NaN
0 -186 NaN
0 -185 NaN
0 -184 NaN
0 -183 NaN
0 -182 NaN
0 -181 NaN
0 -180 NaN
0 -179 NaN
0 -178 NaN
0 -177 NaN
0 -176 NaN
0 -175 NaN
0 -174 NaN
0 -173 NaN
0 -172 NaN
0 -171 NaN
0 -170 NaN
0 -169 NaN
0 -168 NaN
0 -167 NaN
0 -166 NaN
0 -165 NaN
0 -164 NaN
0 -163 NaN
0 -162 NaN
0 -161 NaN
0 -160 NaN
0 -159 NaN
0 -158 NaN
0 -157 NaN
0 -156 NaN
0 -155 NaN
0 -154 NaN
0 -153 NaN
0 -152 NaN
0 -151 NaN
0 -150 NaN
0 -149 NaN
0 -148 NaN
0 -147 NaN
0 -146 NaN
0 -145 NaN
0 -144 NaN
0 -143 NaN
0 -142 NaN
0 -141 NaN
0 -140 NaN
0 -139 NaN
0 -138 NaN
0 -137 NaN
0 -136 NaN
0 -135 NaN
0 -134 NaN
0 -133 NaN
0 -132 NaN
0 -131 NaN
0 -130 NaN
0 -129 NaN
0 -128 NaN
0 -127 NaN
0 -126 NaN
0 -125 NaN
0 -124 NaN
0 -123 NaN
0 -122 NaN
0 -121 NaN
0 -120 NaN
0 -119 NaN
0 -118 NaN
0 -117 NaN
0 -116 NaN
0 -115 NaN
0 -114 NaN
0 -113 NaN
0 -112 NaN
0 -111 NaN
0 -110 NaN
0 -109 NaN
0 -108 NaN
0 -107 NaN
0 -106 NaN
0 -105 NaN
0 -104 NaN
0 -103 NaN
0 -102 NaN
0 -101 NaN
0 -100 NaN
0 -99 NaN
0 -98 NaN
0 -97 NaN
0 -96 NaN
0 -95 NaN
0 -94 NaN
0 -93 NaN
0 -92 NaN
0 -91 NaN
0 -90 NaN
0 -89 NaN
0 -88 NaN
0 -87 NaN
0 -86 NaN
0 -85 NaN
0 -84 NaN
0 -83 NaN
0 -82 NaN
0 -81 NaN
0 -80 NaN
0 -79 NaN
0 -78 NaN
0 -77 NaN
0 -76 NaN
0 -75 NaN
0 -74 NaN
0 -73 NaN
0 -72 NaN
0 -71 NaN
0 -70 NaN
0 -69 NaN
0 -68 NaN
0 -67 NaN
0 -66 NaN
0 -65 NaN
0 -64 NaN
0 -63 NaN
0 -62 NaN
0 -61 NaN
0 -60 NaN
0 -59 NaN
0 -58 NaN
0 -57 NaN
0 -56 NaN
0 -55 NaN
0 -54 NaN
0 -53 NaN
0 -52 NaN
0 -51 NaN
0 -50 NaN
0 -49 NaN
0 -48 NaN
0 -47 NaN
0 -46 NaN
0 -45 NaN
0 -44 NaN
0 -43 NaN
0 -42 NaN
0 -41 NaN
0 -40 NaN
0 -39 NaN
0 -38 NaN
0 -37 NaN
0 -36 NaN
0 -35 NaN
0 -34 NaN
0 -33 NaN
0 -32 NaN
0 -31 NaN
0 -30 NaN
0 -29 NaN
0 -28 NaN
0 -27 NaN
0 -26 NaN
0 -25 NaN
0 -24 NaN
0 -23 NaN
0 -22 NaN
0 -21 NaN
0 -20 NaN
0 -19 NaN
0 -18 NaN
0 -17 NaN
0 -16 NaN
0 -15 NaN
0 -14 NaN
0 -13 NaN
0 -12 NaN
0 -11 NaN
0 -10 NaN
0 -9 NaN
0 -8 NaN
0 -7 NaN
0 -6 NaN
0 -5 NaN
0 -4 NaN
0 -3 NaN
0 -2 NaN
0 -1 NaN
0 0 NaN
0 1 NaN
0 2 NaN
0 3 NaN
0 4 NaN
0 5 NaN
0 6 NaN
0 7 NaN
0 8 NaN
0 9 NaN
0 10 NaN
0 11 NaN
0 12 NaN
0 13 NaN
0 14 NaN
0 15 NaN
0 16 NaN
0 17 NaN
0 18 NaN
0 19 NaN
0 20 NaN
0 21 NaN
0 22 NaN
0 23 NaN
0 24 NaN
0 25 NaN
0 26 NaN
0 27 NaN
0 28 NaN
0 29 NaN
0 30 NaN
0 31 NaN
0 32 NaN
0 33 NaN
0 34 NaN
0 35 NaN
0 36 NaN
0 37 NaN
0 38 NaN
0 39 NaN
0 40 NaN
0 41 NaN
0 42 NaN
0 43 NaN
0 44 NaN
0 45 NaN
0 46 NaN
0 47 NaN
0 48 NaN
0 49 NaN
0 50 NaN
0 51 NaN
0 52 NaN
0 53 NaN
0 54 NaN
0 55 NaN
0 56 NaN
0 57 NaN
0 58 NaN
0 59 NaN
0 60 NaN
0 61 NaN
0 62 NaN
0 63 NaN
0 64 NaN
0 65 NaN
0 66 NaN
0 67 NaN
0 68 NaN
0 69 NaN
0 70 NaN
0 71 NaN
0 72 NaN
0 73 NaN
0 74 NaN
0 75 NaN
0 76 NaN
0 77 NaN
0 78 NaN
0 79 NaN
0 80 NaN
0 81 NaN
0 82 NaN
0 83 NaN
0 84 NaN
0 85 NaN
0 86 NaN
0 87 NaN
0 88 NaN
0 89 NaN
0 90 NaN
0 91 NaN
0 92 NaN
0 93 NaN
0 94 NaN
0 95 NaN
0 96 NaN
0 97 NaN
0 98 NaN
0 99 NaN
0 100 NaN
0 101 NaN
0 102 NaN
0 103 NaN
0 104 NaN
0 105 NaN
0 106 NaN
0 107 NaN
0 108 NaN
0 109 NaN
0 110 NaN
0 111 NaN
0 112 NaN
0 113 NaN
0 114 NaN
0 115 NaN
0 116 NaN
0 117 NaN
0 118 NaN
0 119 NaN
0 120 NaN
0 121 NaN
0 122 NaN
0 123 NaN
0 124 NaN
0 125 NaN
0 126 NaN
0 127 NaN
0 128 NaN
0 129 NaN
0 130 NaN
0 131 NaN
0 132 NaN
0 133 NaN
0 134 NaN
0 135 NaN
0 136 NaN
0 137 NaN
0 138 NaN
0 139 NaN
0 140 NaN
0 141 NaN
0 142 NaN
0 143 NaN
0 144 NaN
0 145 NaN
0 146 NaN
0 147 NaN
0 148 NaN
0 149 NaN
0 150 NaN
0 151 NaN
0 152 NaN
0 153 NaN
0 154 NaN
0 155 NaN
0 156 NaN
0 157 NaN
0 158 NaN
0 159 NaN
0 160 NaN
0 161 NaN
0 162 NaN
0 163 NaN
0 164 NaN
0 165 NaN
0 166 NaN
0 167 NaN
0 168 NaN
0 169 NaN
0 170 NaN
0 171 NaN
0 172 NaN
0 173 NaN
0 174 NaN
0 175 NaN
0 176 NaN
0 177 NaN
0 178 NaN
0 179 NaN
0 180 NaN
0 181 NaN
0 182 NaN
0 183 NaN
0 184 NaN
0 185 NaN
0 186 NaN
0 187 NaN
0 188 NaN
0 189 NaN
0 190 NaN
0 191 NaN
0 192 NaN
0 193 NaN
0 194 NaN
0 195 NaN
0 196 NaN
0 197 NaN
0 198 NaN
0 199 NaN
0 200 NaN
0 201 NaN
0 202 NaN
0 203 NaN
0 204 NaN
0 205 NaN
0 206 NaN
0 207 NaN
0 208 NaN
0 209 NaN
0 210 NaN
0 211 NaN
0 212 NaN
0 213 NaN
0 214 NaN
0 215 NaN
0 216 NaN
0 217 NaN
0 218 NaN
0 219 NaN
0 220 NaN
0 221 NaN
0 222 NaN
0 223 NaN
0 224 NaN
0 225 NaN
0 226 NaN
0 227 NaN
0 228 NaN
0 229 NaN
0 230 NaN
0 231 NaN
0 232 NaN
0 233 NaN
0 234 NaN
0 235 NaN
0 236 NaN
0 237 NaN
0 238 NaN
0 239 NaN
0 240 NaN
0 241 NaN
0 242 NaN
0 243 NaN
0 244 NaN
0 245 NaN
0 246 NaN
0 247 NaN
0 248 NaN
0 249 NaN
0 250 NaN
0 251 NaN
0 252 NaN
0 253 NaN
0 254 NaN
0 255 NaN
0 256 NaN
0 257 NaN
0 258 NaN
0 259 NaN
0 260 NaN
0 261 NaN
0 262 NaN
0 263 NaN
0 264 NaN
0 265 NaN
0 266 NaN
0 267 NaN
0 268 NaN
0 269 NaN
0 270 NaN
0 271 NaN
0 272 NaN
0 273 NaN
0 274 NaN
0 275 NaN
0 276 NaN
0 277 NaN
0 278 NaN
0 279 NaN
0 280 NaN
0 281 NaN
0 282 NaN
0 283 NaN
0 284 NaN
0 285 NaN
0 286 NaN
0 287 NaN
0 288 NaN
0 289 NaN
0 290 NaN
0 291 NaN
0 292 NaN
0 293 NaN
0 294 NaN
0 295 NaN
0 296 NaN
0 297 NaN
0 298 NaN
0 299 NaN
0 300 NaN
0 301 NaN
0 302 NaN
0 303 NaN
0 304 NaN
0 305 NaN
0 306 NaN
0 307 NaN
0 308 NaN
0 309 NaN
0 310 NaN
0 311 NaN
0 312 NaN
0 313 NaN
0 314 NaN
0 315 NaN
0 316 NaN
0 317 NaN
0 318 NaN
0 319 NaN
0 320 NaN
0 321 NaN
0 322 NaN
0 323 NaN
0 324 NaN
0 325 NaN
0 326 NaN
0 327 NaN
0 328 NaN
0 329 NaN
0 330 NaN
0 331 NaN
0 332 NaN
0 333 NaN
0 334 NaN
0 335 NaN
0 336 NaN
0 337 NaN
0 338 NaN
0 339 NaN
0 340 NaN
0 341 NaN
0 342 NaN
0 343 NaN
0 344 NaN
0 345 NaN
0 346 NaN
0 347 NaN
0 348 NaN
0 349 NaN
0 350 NaN
0 351 NaN
0 352 NaN
0 353 NaN
0 354 NaN
0 355 NaN
0 356 NaN
0 357 NaN
0 358 NaN
0 359 NaN
0 360 NaN
0 361 NaN
0 362 NaN
0 363 NaN
0 364 NaN
0 365 NaN
0 366 NaN
0 367 NaN
0 368 NaN
0 369 NaN
0 370 NaN
0 371 NaN
0 372 NaN
0 373 NaN
0 374 NaN
0 375 NaN
0 376 NaN
0 377 NaN
0 378 NaN
0 379 NaN
0 380 NaN
0 381 NaN
0 382 NaN
0 383 NaN
0 384 NaN
0 385 NaN
0 386 NaN
0 387 NaN
0 388 NaN
0 389 NaN
0 390 NaN
0 391 NaN
0 392 NaN
0 393 NaN
0 394 NaN
0 395 NaN
0 396 NaN
0 397 NaN
0 398 NaN
0 399 NaN
51.8142 400 NaN
0 401 NaN
0 402 NaN
0 403 NaN
0 404 NaN
0 405 NaN
0 406 NaN
0 407 NaN
0 408 NaN
0 409 NaN
0 410 NaN
0 411 NaN
0 412 NaN
0 413 NaN
0 414 NaN
0 415 NaN
0 416 NaN
0 417 NaN
0 418 NaN
0 419 NaN
0 420 NaN
0 421 NaN
0 422 NaN
0 423 NaN
0 424 NaN
0 425 NaN
0 426 NaN
0 427 NaN
0 428 NaN
0 429 NaN
0 430 NaN
0 431 NaN
0 432 NaN
0 433 NaN
0 434 NaN
0 435 NaN
0 436 NaN
0 437 NaN
0 438 NaN
0 439 NaN
0 440 NaN
0 441 NaN
0 442 NaN
0 443 NaN
0 444 NaN
0 445 NaN
0 446 NaN
0 447 NaN
0 448 NaN
0 449 NaN
0 450 NaN
0 451 NaN
0 452 NaN
0 453 NaN
0 454 NaN
0 455 NaN
0 456 NaN
0 457 NaN
0 458 NaN
0 459 NaN
0 460 NaN
0 461 NaN
0 462 NaN
0 463 NaN
0 464 NaN
0 465 NaN
0 466 NaN
0 467 NaN
0 468 NaN
0 469 NaN
0 470 NaN
0 471 NaN
0 472 NaN
0 473 NaN
0 474 NaN
0 475 NaN
0 476 NaN
0 477 NaN
0 478 NaN
0 479 NaN
0 480 NaN
0 481 NaN
0 482 NaN
0 483 NaN
0 484 NaN
0 485 NaN
0 486 NaN
0 487 NaN
0 488 NaN
0 489 NaN
0 490 NaN
0 491 NaN
0 492 NaN
0 493 NaN
0 494 NaN
0 495 NaN
0 496 NaN
0 497 NaN
0 498 NaN
0 499 NaN
0 500 NaN
0 501 NaN
0 502 NaN
0 503 NaN
0 504 NaN
0 505 NaN
0 506 NaN
0 507 NaN
0 508 NaN
0 509 NaN
0 510 NaN
0 511 NaN
0.976619 512 NaN
0 513 NaN
0 514 NaN
0 515 NaN
0 516 NaN
0 517 NaN
0 518 NaN
0 519 NaN
0 520 NaN
0 521 NaN
0 522 NaN
0 523 NaN
0 524 NaN
0 525 NaN
0 526 NaN
0 527 NaN
0 528 NaN
25.8738 529 NaN
29.7952 530 NaN
24.4719 531 NaN
22.2943 532 NaN
23.2547 533 NaN
14.9929 534 NaN
0 535 NaN
0 536 NaN
0 537 NaN
0 538 NaN
0 539 NaN
0 540 NaN
0 541 NaN
0 542 NaN
0 543 NaN
0 544 NaN
0 545 NaN
0 546 NaN
0 547 NaN
0 548 NaN
0 549 NaN
0 550 NaN
0 551 NaN
0 552 NaN
0 553 NaN
0 554 NaN
0 555 NaN
0 556 NaN
0 557 NaN
0 558 NaN
19.352 559 NaN
39.3414 560 NaN
56.3471 561 NaN
51.2416 562 NaN
47.5778 563 NaN
64.5189 564 NaN
50.8074 565 NaN
61.6512 566 NaN
61.1151 567 NaN
60.2365 568 NaN
72.4282 569 NaN
64.8814 570 NaN
74.8704 571 NaN
64.3633 572 NaN
78.2814 573 NaN
67.0777 574 NaN
80.1918 575 NaN
73.4176 576 NaN
81.4808 577 NaN
82.7403 578 NaN
75.6663 579 NaN
88.0853 580 NaN
83.1161 581 NaN
89.3722 582 NaN
88.506 583 NaN
85.9333 584 NaN
96.0012 585 NaN
93.4602 586 NaN
89.1168 587 NaN
100.185 588 NaN
96.356 589 NaN
94.0554 590 NaN
106.234 591 NaN
104 592 NaN
101.784 593 NaN
102.833 594 NaN
112.795 595 NaN
109.989 596 NaN
107.875 597 NaN
109.44 598 NaN
115.343 599 NaN
120.04 600 NaN
116.472 601 NaN
119.323 602 NaN
115.144 603 NaN
119.488 604 NaN
125.348 605 NaN
127.035 606 NaN
131.844 607 NaN
130.64 608 NaN
129.131 609 NaN
130.81 610 NaN
131.449 611 NaN
129.992 612 NaN
131.916 613 NaN
135.742 614 NaN
135.423 615 NaN
135.898 616 NaN
137.466 617 NaN
142.469 618 NaN
143.195 619 NaN
142.042 620 NaN
143.269 621 NaN
146.482 622 NaN
151.005 623 NaN
151.917 624 NaN
152.236 625 NaN
154.471 626 NaN
156.444 627 NaN
158.872 628 NaN
159.956 629 NaN
160.057 630 NaN
161.209 631 NaN
162.285 632 NaN
165.887 633 NaN
169.451 634 NaN
171.774 635 NaN
171.042 636 NaN
169.198 637 NaN
171.436 638 NaN
176.659 639 NaN
177.174 640 NaN
176.046 641 NaN
175.91 642 NaN
179.977 643 NaN
182.591 644 NaN
180.664 645 NaN
182.054 646 NaN
185.616 647 NaN
184.056 648 NaN
186.221 649 NaN
188.63 650 NaN
189.154 651 NaN
189.509 652 NaN
195.221 653 NaN
193.728 654 NaN
196.352 655 NaN
198.764 656 NaN
197.947 657 NaN
203.519 658 NaN
201.994 659 NaN
204.548 660 NaN
203.774 661 NaN
209.066 662 NaN
213.848 663 NaN
211.708 664 NaN
213.691 665 NaN
218.527 666 NaN
218.853 667 NaN
218.926 668 NaN
221.166 669 NaN
229.482 670 NaN
223.746 671 NaN
230.587 672 NaN
232.286 673 NaN
229.573 674 NaN
240.589 675 NaN
236.394 676 NaN
236.667 677 NaN
244.702 678 NaN
243.04 679 NaN
245.69 680 NaN
248.348 681 NaN
252.715 682 NaN
254.961 683 NaN
251.876 684 NaN
259.852 685 NaN
257.574 686 NaN
264.276 687 NaN
265.578 688 NaN
267.972 689 NaN
270.933 690 NaN
270.247 691 NaN
270.253 692 NaN
273.345 693 NaN
273.491 694 NaN
279.173 695 NaN
278.076 696 NaN
282.549 697 NaN
281.2 698 NaN
284.755 699 NaN
287.351 700 NaN
287.603 701 NaN
289.516 702 NaN
288.626 703 NaN
292.333 704 NaN
296.038 705 NaN
295.406 706 NaN
299.604 707 NaN
302.371 708 NaN
301.679 709 NaN
304.107 710 NaN
305.157 711 NaN
303.926 712 NaN
309.278 713 NaN
311.088 714 NaN
312.047 715 NaN
312.802 716 NaN
315.96 717 NaN
316.399 718 NaN
317.877 719 NaN
319.189 720 NaN
319.831 721 NaN
321.679 722 NaN
326.081 723 NaN
324.41 724 NaN
327.856 725 NaN
330.586 726 NaN
330.77 727 NaN
332.021 728 NaN
332.618 729 NaN
337.436 730 NaN
336.157 731 NaN
339.847 732 NaN
338.763 733 NaN
341.21 734 NaN
343.58 735 NaN
343.913 736 NaN
345.224 737 NaN
346.533 738 NaN
348.794 739 NaN
349.789 740 NaN
352.604 741 NaN
353.829 742 NaN
356.991 743 NaN
354.547 744 NaN
359.791 745 NaN
359.14 746 NaN
361.696 747 NaN
362.656 748 NaN
361.855 749 NaN
366.087 750 NaN
365.331 751 NaN
367.965 752 NaN
367.958 753 NaN
367.679 754 NaN
372.343 755 NaN
372.354 756 NaN
376.252 757 NaN
375.706 758 NaN
374.933 759 NaN
381.018 760 NaN
381.137 761 NaN
381.384 762 NaN
384.238 763 NaN
383.379 764 NaN
386.928 765 NaN
388.028 766 NaN
389.662 767 NaN
392.007 768 NaN
391.376 769 NaN
394.741 770 NaN
395.503 771 NaN
391.196 772 NaN
400.033 773 NaN
396.363 774 NaN
402.255 775 NaN
403.541 776 NaN
405.133 777 NaN
406.919 778 NaN
407.968 779 NaN
410.898 780 NaN
411.612 781 NaN
411.632 782 NaN
412.633 783 NaN
414.877 784 NaN
417.161 785 NaN
418.585 786 NaN
418.503 787 NaN
419.943 788 NaN
422.636 789 NaN
425.783 790 NaN
427.542 791 NaN
431.062 792 NaN
434.133 793 NaN
429.516 794 NaN
433.163 795 NaN
435.341 796 NaN
437.538 797 NaN
439.487 798 NaN
439.267 799 NaN
440.945 800 NaN
445.423 801 NaN
440.838 802 NaN
442.913 803 NaN
447.145 804 NaN
449.716 805 NaN
451.314 806 NaN
461.955 807 NaN
452.761 808 NaN
453.114 809 NaN
455.595 810 NaN
458.807 811 NaN
459.646 812 NaN
460.826 813 NaN
460.565 814 NaN
465.177 815 NaN
464.792 816 NaN
466.267 817 NaN
468.603 818 NaN
469.334 819 NaN
473.963 820 NaN
473.488 821 NaN
480.307 822 NaN
476.386 823 NaN
477.224 824 NaN
483.252 825 NaN
481.47 826 NaN
485.355 827 NaN
482.611 828 NaN
485.094 829 NaN
489.404 830 NaN
489.494 831 NaN
489.831 832 NaN
491.573 833 NaN
493.01 834 NaN
496.497 835 NaN
496.513 836 NaN
499.664 837 NaN
502.723 838 NaN
502.138 839 NaN
502.576 840 NaN
503.703 841 NaN
504.98 842 NaN
507.387 843 NaN
508.023 844 NaN
511.527 845 NaN
513.293 846 NaN
513.495 847 NaN
514.451 848 NaN
516.535 849 NaN
519.146 850 NaN
520.556 851 NaN
522.838 852 NaN
524.31 853 NaN
527.205 854 NaN
528.189 855 NaN
529.041 856 NaN
530.375 857 NaN
533.035 858 NaN
535.096 859 NaN
535.719 860 NaN
533.938 861 NaN
537.353 862 NaN
539.623 863 NaN
543.055 864 NaN
541.536 865 NaN
542.75 866 NaN
543.949 867 NaN
546.389 868 NaN
549.318 869 NaN
552.952 870 NaN
551.631 871 NaN
555.533 872 NaN
556.338 873 NaN
557.435 874 NaN
559.8 875 NaN
559.425 876 NaN
563.227 877 NaN
564.486 878 NaN
571.095 879 NaN
567.042 880 NaN
568.864 881 NaN
570.839 882 NaN
571.955 883 NaN
573.659 884 NaN
573.608 885 NaN
579.941 886 NaN
578.275 887 NaN
579.144 888 NaN
580.816 889 NaN
580.43 890 NaN
580.334 891 NaN
583.273 892 NaN
585.097 893 NaN
593.944 894 NaN
588.418 895 NaN
590.076 896 NaN
590.443 897 NaN
591.498 898 NaN
594.959 899 NaN
601.757 900 NaN
598.048 901 NaN
598.287 902 NaN
598.877 903 NaN
600.225 904 NaN
603 905 NaN
600.802 906 NaN
604.823 907 NaN
604.658 908 NaN
606.814 909 NaN
605.815 910 NaN
607.005 911 NaN
606.053 912 NaN
606.3 913 NaN
611.478 914 NaN
609.392 915 NaN
610.849 916 NaN
609.69 917 NaN
611.289 918 NaN
615.728 919 NaN
613.776 920 NaN
613.671 921 NaN
617.244 922 NaN
616.278 923 NaN
616.663 924 NaN
617.151 925 NaN
619.148 926 NaN
617.694 927 NaN
622.536 928 NaN
620.704 929 NaN
622.029 930 NaN
625.406 931 NaN
625.09 932 NaN
620.461 933 NaN
624.015 934 NaN
625.649 935 NaN
624.943 936 NaN
627.131 937 NaN
627.276 938 NaN
628.06 939 NaN
633.718 940 NaN
631.802 941 NaN
630.71 942 NaN
631.353 943 NaN
632.219 944 NaN
630.298 945 NaN
637.516 946 NaN
634.18 947 NaN
634.257 948 NaN
635.508 949 NaN
636.902 950 NaN
635.725 951 NaN
638.782 952 NaN
640.581 953 NaN
642.007 954 NaN
644.465 955 NaN
646.035 956 NaN
643.396 957 NaN
645.562 958 NaN
646.788 959 NaN
645.633 960 NaN
644.138 961 NaN
647.646 962 NaN
645.425 963 NaN
648.311 964 NaN
649.017 965 NaN
649.137 966 NaN
648.845 967 NaN
650.368 968 NaN
649.888 969 NaN
651.291 970 NaN
652.359 971 NaN
652.626 972 NaN
651.777 973 NaN
657.429 974 NaN
659.014 975 NaN
653.679 976 NaN
663.421 977 NaN
654.826 978 NaN
655.329 979 NaN
657.032 980 NaN
657.577 981 NaN
656.548 982 NaN
660.533 983 NaN
659.537 984 NaN
665.735 985 NaN
663.626 986 NaN
661.68 987 NaN
657.423 988 NaN
659.291 989 NaN
668.123 990 NaN
670.376 991 NaN
671.099 992 NaN
672.32 993 NaN
673.366 994 NaN
672.495 995 NaN
673.862 996 NaN
674.476 997 NaN
674.361 998 NaN
672.449 999 NaN
672.491 1000 NaN
672.993 1001 NaN
674.739 1002 NaN
675.525 1003 NaN
675.208 1004 NaN
674.634 1005 NaN
677.618 1006 NaN
674.839 1007 NaN
673.854 1008 NaN
673.729 1009 NaN
674.945 1010 NaN
683.842 1011 NaN
676.545 1012 NaN
673.581 1013 NaN
676.363 1014 NaN
675.006 1015 NaN
676.923 1016 NaN
675.391 1017 NaN
674.262 1018 NaN
676.67 1019 NaN
674.924 1020 NaN
680.476 1021 NaN
675.66 1022 NaN
673.337 1023 NaN
676.676 1024 NaN
-665.876 NaN -938.93
-652.242 NaN -1017.25
-638.609 NaN -895.001
-624.975 NaN -890.78
-611.342 NaN -943.476
-597.708 NaN -961.549
-584.075 NaN -916.576
-570.441 NaN -834.349
-556.808 NaN -760.016
-543.174 NaN -729.566
-529.541 NaN -756.557
-515.907 NaN -832.172
-502.274 NaN -933.096
-488.64 NaN -1031.76
-475.007 NaN -1105.11
-461.373 NaN -1139.91
-447.74 NaN -1134.24
-434.106 NaN -1095.87
-420.473 NaN -1038.62
-406.839 NaN -978.201
-393.206 NaN -928.336
-379.572 NaN -898.117
-365.939 NaN -890.763
-352.305 NaN -903.804
-338.672 NaN -930.382
-325.038 NaN -961.226
-311.405 NaN -986.829
-297.771 NaN -999.405
-284.138 NaN -994.285
-270.504 NaN -970.611
-256.871 NaN -931.258
-243.237 NaN -882.105
-229.604 NaN -830.827
-215.97 NaN -785.451
-202.336 NaN -752.911
-188.703 NaN -737.849
-175.069 NaN -741.805
-161.436 NaN -762.904
-147.802 NaN -796.057
-134.169 NaN -833.632
-120.535 NaN -866.461
-106.902 NaN -885.058
-93.2684 NaN -880.859
-79.6348 NaN -847.336
-66.0013 NaN -780.832
-52.3678 NaN -681.038
-38.7343 NaN -551.049
-25.1008 NaN -397.017
-11.4673 NaN -227.448
2.16624 NaN -52.2532
15.7998 NaN 118.347
29.4333 NaN 274.904
43.0668 NaN 409.699
56.7003 NaN 517.467
70.3338 NaN 595.795
83.9673 NaN 645.189
97.6008 NaN 668.789
111.234 NaN 671.799
124.868 NaN 660.712
138.501 NaN 642.431
152.135 NaN 623.402
165.768 NaN 608.88
179.402 NaN 602.397
193.035 NaN 605.507
206.669 NaN 617.83
220.302 NaN 637.362
233.936 NaN 661.001
247.57 NaN 685.208
261.203 NaN 706.682
274.837 NaN 722.95
288.47 NaN 732.781
302.104 NaN 736.351
315.737 NaN 735.138
329.371 NaN 731.564
343.004 NaN 728.46
356.638 NaN 728.445
370.271 NaN 733.352
383.905 NaN 743.813
397.538 NaN 759.109
411.172 NaN 777.337
424.805 NaN 795.861
438.439 NaN 811.985
452.072 NaN 823.682
465.706 NaN 830.197
479.339 NaN 832.338
492.973 NaN 832.327
506.606 NaN 833.163
520.24 NaN 837.647
533.873 NaN 847.315
547.507 NaN 861.688
561.14 NaN 878.256
574.774 NaN 893.45
588.407 NaN 904.516
602.041 NaN 911.598
615.674 NaN 918.748
629.308 NaN 932.249
642.941 NaN 955.429
656.575 NaN 982.349
670.208 NaN 1000.68
683.842 NaN 1030.17
