-1024 -665.593 NaN
-1023 -663.112 NaN
-1022 -661.748 NaN
-1021 -663.853 NaN
-1020 -665.876 NaN
-1019 -663.922 NaN
-1018 -662.993 NaN
-1017 -662.712 NaN
-1016 -662.84 NaN
-1015 -665.456 NaN
-1014 -662.104 NaN
-1013 -662.308 NaN
-1012 -660.882 NaN
-1011 -662.886 NaN
-1010 -662.463 NaN
-1009 -661.542 NaN
-1008 -662.421 NaN
-1007 -660.351 NaN
-1006 -657.106 NaN
-1005 -663.852 NaN
-1004 -659.882 NaN
-1003 -665.557 NaN
-1002 -665.258 NaN
-1001 -662.912 NaN
-1000 -663.601 NaN
-999 -657.652 NaN
-998 -663.612 NaN
-997 -664.386 NaN
-996 -661.156 NaN
-995 -663.525 NaN
-994 -664.103 NaN
-993 -660.265 NaN
-992 -644.784 NaN
-991 -634.892 NaN
-990 -637.101 NaN
-989 -645.179 NaN
-988 -601.52 NaN
-987 -474.012 NaN
-986 -418.117 NaN
-985 -405.441 NaN
-984 -401.81 NaN
-983 -398.22 NaN
-982 -398.568 NaN
-981 -397.394 NaN
-980 -395.322 NaN
-979 -395.998 NaN
-978 -396.133 NaN
-977 -397.255 NaN
-976 -396.828 NaN
-975 -395.165 NaN
-974 -397.032 NaN
-973 -399.12 NaN
-972 -398.516 NaN
-971 -397.666 NaN
-970 -398.013 NaN
-969 -397.498 NaN
-968 -399.018 NaN
-967 -399.716 NaN
-966 -398.656 NaN
-965 -398.282 NaN
-964 -393.615 NaN
-963 -397.944 NaN
-962 -400.191 NaN
-961 -399.401 NaN
-960 -401.45 NaN
-959 -400.559 NaN
-958 -400.004 NaN
-957 -401.034 NaN
-956 -458.774 NaN
-955 -532.142 NaN
-954 -574.061 NaN
-953 -586.628 NaN
-952 -586.807 NaN
-951 -598.62 NaN
-950 -606.113 NaN
-949 -609.71 NaN
-948 -613.163 NaN
-947 -612.947 NaN
-946 -610.02 NaN
-945 -616.973 NaN
-944 -617.747 NaN
-943 -611.873 NaN
-942 -620.643 NaN
-941 -615.923 NaN
-940 -618.383 NaN
-939 -610.748 NaN
-938 -615.226 NaN
-937 -615.472 NaN
-936 -616.76 NaN
-935 -614.692 NaN
-934 -614.832 NaN
-933 -613.532 NaN
-932 -613.587 NaN
-931 -609.981 NaN
-930 -611.052 NaN
-929 -606.746 NaN
-928 -608.063 NaN
-927 -612.399 NaN
-926 -608.667 NaN
-925 -606.228 NaN
-924 -607.176 NaN
-923 -599.314 NaN
-922 -581.176 NaN
-921 -580.675 NaN
-920 -585.729 NaN
-919 -590.645 NaN
-918 -593.519 NaN
-917 -599.421 NaN
-916 -593.096 NaN
-915 -593.078 NaN
-914 -592.45 NaN
-913 -593.131 NaN
-912 -585.748 NaN
-911 -594.096 NaN
-910 -590.435 NaN
-909 -586.787 NaN
-908 -570.822 NaN
-907 -438.62 NaN
-906 -380.246 NaN
-905 -361.058 NaN
-904 -357.428 NaN
-903 -351.447 NaN
-902 -346.667 NaN
-901 -347.698 NaN
-900 -351.61 NaN
-899 -346.215 NaN
-898 -345.69 NaN
-897 -329.293 NaN
-896 -338.147 NaN
-895 -336.859 NaN
-894 -330.713 NaN
-893 -330.036 NaN
-892 -323.466 NaN
-891 -284.788 NaN
-890 -279.199 NaN
-889 -270.328 NaN
-888 -256.094 NaN
-887 -263.493 NaN
-886 -246.484 NaN
-885 -265.255 NaN
-884 -231.683 NaN
-883 -216.028 NaN
-882 -246.754 NaN
-881 -222.387 NaN
-880 -220.473 NaN
-879 -225.655 NaN
-878 -228.85 NaN
-877 -179.443 NaN
-876 -186.719 NaN
-875 -195.831 NaN
-874 -161.511 NaN
-873 -218.172 NaN
-872 -232.514 NaN
-871 -172.206 NaN
-870 -162.747 NaN
-869 -122.496 NaN
-868 -144.82 NaN
-867 -113.438 NaN
-866 -146.026 NaN
-865 -111.973 NaN
-864 -136.641 NaN
-863 -115.295 NaN
-862 -143.842 NaN
-861 -115.291 NaN
-860 -158.879 NaN
-859 -108.832 NaN
-858 -158.672 NaN
-857 -131.605 NaN
-856 -108.745 NaN
-855 -108.021 NaN
-854 -106.229 NaN
-853 -105.549 NaN
-852 -87.105 NaN
-851 -91.0986 NaN
-850 -102.283 NaN
-849 -83.4238 NaN
-848 -91.455 NaN
-847 -89.8473 NaN
-846 -84.4874 NaN
-845 -92.685 NaN
-844 -86.3413 NaN
-843 -93.8232 NaN
-842 -98.3275 NaN
-841 -95.3474 NaN
-840 -95.5367 NaN
-839 -98.5464 NaN
-838 -119.45 NaN
-837 -101.589 NaN
-836 -96.5971 NaN
-835 -128.636 NaN
-834 -101.956 NaN
-833 -98.7546 NaN
-832 -104.701 NaN
-831 -104.418 NaN
-830 -104.909 NaN
-829 -106.104 NaN
-828 -98.1822 NaN
-827 -99.3311 NaN
-826 -128.042 NaN
-825 -103.989 NaN
-824 -92.6439 NaN
-823 -120.489 NaN
-822 -118.653 NaN
-821 -100.662 NaN
-820 -109.26 NaN
-819 -106.952 NaN
-818 -98.4402 NaN
-817 -134.297 NaN
-816 -115.078 NaN
-815 -90.1394 NaN
-814 -107.82 NaN
-813 -107.775 NaN
-812 -108.478 NaN
-811 -99.8402 NaN
-810 -93.4392 NaN
-809 -89.4098 NaN
-808 -90.4392 NaN
-807 -85.0928 NaN
-806 -61.7778 NaN
-805 -103.266 NaN
-804 -60.3483 NaN
-803 -51.385 NaN
-802 -54.8076 NaN
-801 -69.0599 NaN
-800 -62.4685 NaN
-799 -97.1542 NaN
-798 -69.1668 NaN
-797 -72.1405 NaN
-796 -101.952 NaN
-795 -73.4921 NaN
-794 -88.9979 NaN
-793 -87.7077 NaN
-792 -75.7567 NaN
-791 -98.1115 NaN
-790 -72.2312 NaN
-789 -87.7155 NaN
-788 -73.1262 NaN
-787 -75.3362 NaN
-786 -80.264 NaN
-785 -72.9339 NaN
-784 -82.0596 NaN
-783 -69.7716 NaN
-782 -79.369 NaN
-781 -67.2153 NaN
-780 -81.7184 NaN
-779 -67.1764 NaN
-778 -78.4399 NaN
-777 -66.2465 NaN
-776 -77.2503 NaN
-775 -66.0365 NaN
-774 -76.7583 NaN
-773 -64.2524 NaN
-772 -75.3881 NaN
-771 -147.667 NaN
-770 -65.6501 NaN
-769 -78.6365 NaN
-768 -93.1432 NaN
-767 -108.244 NaN
-766 -85.9018 NaN
-765 -74.4639 NaN
-764 -62.3968 NaN
-763 -83.9986 NaN
-762 -60.9345 NaN
-761 -30.6871 NaN
-760 -54.152 NaN
-759 -43.6173 NaN
-758 -31.3666 NaN
-757 -33.776 NaN
-756 -48.8728 NaN
-755 -52.8108 NaN
-754 -54.6393 NaN
-753 -57.2603 NaN
-752 -43.642 NaN
-751 -61.246 NaN
-750 -57.3514 NaN
-749 -53.0021 NaN
-748 -64.38 NaN
-747 -48.8168 NaN
-746 -60.5544 NaN
-745 -55.047 NaN
-744 -48.601 NaN
-743 -61.7236 NaN
-742 -47.4094 NaN
-741 -51.1065 NaN
-740 -57.5589 NaN
-739 -43.3372 NaN
-738 -52.5595 NaN
-737 -51.8051 NaN
-736 -41.0703 NaN
-735 -51.9342 NaN
-734 -48.9787 NaN
-733 -39.2743 NaN
-732 -49.5113 NaN
-731 -48.6778 NaN
-730 -38.4062 NaN
-729 -45.6592 NaN
-728 -49.3603 NaN
-727 -37.1662 NaN
-726 -39.2123 NaN
-725 -49.8505 NaN
-724 -37.9642 NaN
-723 -32.8441 NaN
-722 -44.8413 NaN
-721 -43.6905 NaN
-720 -31.8458 NaN
-719 -30.1504 NaN
-718 -42.787 NaN
-717 -38.0113 NaN
-716 -26.61 NaN
-715 -20.6245 NaN
-714 -29.2254 NaN
-713 -38.9163 NaN
-712 -24.0527 NaN
-711 -21.6924 NaN
-710 -20.9151 NaN
-709 -0 NaN
-708 -0 NaN
-707 -0 NaN
-706 -0 NaN
-705 -0 NaN
-704 -0 NaN
-703 -0 NaN
-702 -0 NaN
-701 -0 NaN
-700 -0 NaN
-699 -0 NaN
-698 -0 NaN
-697 -0 NaN
-696 -0 NaN
-695 -0 NaN
-694 -0 NaN
-693 -0 NaN
-692 -0 NaN
-691 -0 NaN
-690 -0 NaN
-689 -0 NaN
-688 -0 NaN
-687 -0 NaN
-686 -0 NaN
-685 -0 NaN
-684 -0 NaN
-683 -0 NaN
-682 -0 NaN
-681 -0 NaN
-680 -0 NaN
-679 -0 NaN
-678 -0 NaN
-677 -0 NaN
-676 -0 NaN
-675 -0 NaN
-674 -0 NaN
-673 -0 NaN
-672 -0 NaN
-671 -0 NaN
-670 -0 NaN
-669 -0 NaN
-668 -0 NaN
-667 -0 NaN
-666 -0 NaN
-665 -0 NaN
-664 -0 NaN
-663 -0 NaN
-662 -0 NaN
-661 -0 NaN
-660 -0 NaN
-659 -0 NaN
-658 -0 NaN
-657 -0 NaN
-656 -0 NaN
-655 -0 NaN
-654 -0 NaN
-653 -0 NaN
-652 -0 NaN
-651 -0 NaN
-650 -0 NaN
-649 -0 NaN
-648 -0 NaN
-647 -0 NaN
-646 -0 NaN
-645 -0 NaN
-644 -0 NaN
-643 -0 NaN
-642 -0 NaN
-641 -0 NaN
-640 -0 NaN
-639 -0 NaN
-638 -0 NaN
-637 -0 NaN
-636 -0 NaN
-635 -0 NaN
-634 -0 NaN
-633 -0 NaN
-632 -0 NaN
-631 -0 NaN
-630 -0 NaN
-629 -0 NaN
-628 -0 NaN
-627 -0 NaN
-626 -0 NaN
-625 -0 NaN
-624 -0 NaN
-623 -0 NaN
-622 -0 NaN
-621 -0 NaN
-620 -0 NaN
-619 -0 NaN
-618 -0 NaN
-617 -0 NaN
-616 -0 NaN
-615 -0 NaN
-614 -0 NaN
-613 -0 NaN
-612 -0 NaN
-611 -0 NaN
-610 -0 NaN
-609 -0 NaN
-608 -0 NaN
-607 -0 NaN
-606 -0 NaN
-605 -0 NaN
-604 -0 NaN
-603 -0 NaN
-602 -0 NaN
-601 -0 NaN
-600 -7.60933 NaN
-599 -14.2679 NaN
-598 -88.3453 NaN
-597 -2.44887 NaN
-596 -0 NaN
-595 -0 NaN
-594 -0 NaN
-593 -0 NaN
-592 -0 NaN
-591 -0 NaN
-590 -0 NaN
-589 -0 NaN
-588 -0 NaN
-587 -0 NaN
-586 -0 NaN
-585 -0 NaN
-584 -0 NaN
-583 -0 NaN
-582 -0 NaN
-581 -0 NaN
-580 -0 NaN
-579 -0 NaN
-578 -0 NaN
-577 -0 NaN
-576 -0 NaN
-575 -0 NaN
-574 -0 NaN
-573 -0 NaN
-572 -0 NaN
-571 -0 NaN
-570 -0 NaN
-569 -0 NaN
-568 -0 NaN
-567 -0 NaN
-566 -0 NaN
-565 -0 NaN
-564 -0 NaN
-563 -0 NaN
-562 -0.627954 NaN
-561 -0 NaN
-560 -0 NaN
-559 -0 NaN
-558 -0 NaN
-557 -0 NaN
-556 -9.85931 NaN
-555 -26.9759 NaN
-554 -13.3169 NaN
-553 -0 NaN
-552 -0 NaN
-551 -0 NaN
-550 -0 NaN
-549 -0 NaN
-548 -0 NaN
-547 -0 NaN
-546 -0 NaN
-545 -0 NaN
-544 -0 NaN
-543 -0 NaN
-542 -0 NaN
-541 -0 NaN
-540 -0 NaN
-539 -0 NaN
-538 -0 NaN
-537 -0 NaN
-536 -0 NaN
-535 -0 NaN
-534 -0 NaN
-533 -0 NaN
-532 -0 NaN
-531 -0 NaN
-530 -0 NaN
-529 -0.789793 NaN
-528 -0 NaN
-527 -0 NaN
-526 -0 NaN
-525 -0 NaN
-524 -0 NaN
-523 -0 NaN
-522 -1.64678 NaN
-521 -0 NaN
-520 -0 NaN
-519 -0 NaN
-518 -0 NaN
-517 -0 NaN
-516 -0 NaN
-515 -0 NaN
-514 -0 NaN
-513 -0 NaN
-512 -0 NaN
-511 -0 NaN
-510 -0 NaN
-509 -0 NaN
-508 -0 NaN
-507 -0 NaN
-506 -0 NaN
-505 -0 NaN
-504 -0 NaN
-503 -0 NaN
-502 -0 NaN
-501 -0 NaN
-500 -0 NaN
-499 -0 NaN
-498 -0 NaN
-497 -0 NaN
-496 -0 NaN
-495 -0 NaN
-494 -0 NaN
-493 -0 NaN
-492 -0 NaN
-491 -0 NaN
-490 -0 NaN
-489 -0 NaN
-488 -0 NaN
-487 -0 NaN
-486 -0 NaN
-485 -0 NaN
-484 -0 NaN
-483 -0 NaN
-482 -0 NaN
-481 -0 NaN
-480 -0 NaN
-479 -0 NaN
-478 -0 NaN
-477 -0 NaN
-476 -0 NaN
-475 -0 NaN
-474 -0 NaN
-473 -0 NaN
-472 -0 NaN
-471 -0 NaN
-470 -0 NaN
-469 -0 NaN
-468 -0 NaN
-467 -0 NaN
-466 -0 NaN
-465 -0 NaN
-464 -0 NaN
-463 -0 NaN
-462 -0 NaN
-461 -0 NaN
-460 -0 NaN
-459 -0 NaN
-458 -0 NaN
-457 -0 NaN
-456 -0 NaN
-455 -0 NaN
-454 -0 NaN
-453 -0 NaN
-452 -0 NaN
-451 -0 NaN
-450 -0 NaN
-449 -0 NaN
-448 -0 NaN
-447 -0 NaN
-446 -0 NaN
-445 -0 NaN
-444 -0 NaN
-443 -0 NaN
-442 -0 NaN
-441 -0 NaN
-440 -0 NaN
-439 -0 NaN
-438 -0 NaN
-437 -0 NaN
-436 -0 NaN
-435 -0 NaN
-434 -0 NaN
-433 -0 NaN
-432 -0 NaN
-431 -0 NaN
-430 -0 NaN
-429 -0 NaN
-428 -0 NaN
-427 -0 NaN
-426 -0 NaN
-425 -0 NaN
-424 -0 NaN
-423 -0 NaN
-422 -0 NaN
-421 -0 NaN
-420 -0 NaN
-419 -0 NaN
-418 -0 NaN
-417 -0 NaN
-416 -0 NaN
-415 -0 NaN
-414 -0 NaN
-413 -0 NaN
-412 -0 NaN
-411 -0 NaN
-410 -0 NaN
-409 -0 NaN
-408 -0 NaN
-407 -0 NaN
-406 -0 NaN
-405 -0 NaN
-404 -0 NaN
-403 -0 NaN
-402 -0 NaN
-401 -0 NaN
-400 -0 NaN
-399 0 NaN
-398 0 NaN
-397 0 NaN
-396 0 NaN
-395 0 NaN
-394 0 NaN
-393 0 NaN
-392 0 NaN
-391 0 NaN
-390 0 NaN
-389 0 NaN
-388 0 NaN
-387 0 NaN
-386 0 NaN
-385 0 NaN
-384 0 NaN
-383 0 NaN
-382 0 NaN
-381 0 NaN
-380 0 NaN
-379 0 NaN
-378 0 NaN
-377 0 NaN
-376 0 NaN
-375 0 NaN
-374 0 NaN
-373 0 NaN
-372 0 NaN
-371 0 NaN
-370 0 NaN
-369 0 NaN
-368 0 NaN
-367 0 NaN
-366 0 NaN
-365 0 NaN
-364 0 NaN
-363 0 NaN
-362 0 NaN
-361 0 NaN
-360 0 NaN
-359 0 NaN
-358 0 NaN
-357 0 NaN
-356 0 NaN
-355 0 NaN
-354 0 NaN
-353 0 NaN
-352 0 NaN
-351 0 NaN
-350 0 NaN
-349 0 NaN
-348 0 NaN
-347 0 NaN
-346 0 NaN
-345 0 NaN
-344 0 NaN
-343 0 NaN
-342 0 NaN
-341 0 NaN
-340 0 NaN
-339 0 NaN
-338 0 NaN
-337 0 NaN
-336 0 NaN
-335 0 NaN
-334 0 NaN
-333 0 NaN
-332 0 NaN
-331 0 NaN
-330 0 NaN
-329 0 NaN
-328 0 NaN
-327 0 NaN
-326 0 NaN
-325 0 NaN
-324 0 NaN
-323 0 NaN
-322 0 NaN
-321 0 NaN
-320 0 NaN
-319 0 NaN
-318 0 NaN
-317 0 NaN
-316 0 NaN
-315 0 NaN
-314 0 NaN
-313 0 NaN
-312 0 NaN
-311 0 NaN
-310 0 NaN
-309 0 NaN
-308 0 NaN
-307 0 NaN
-306 0 NaN
-305 0 NaN
-304 0 NaN
-303 0 NaN
-302 0 NaN
-301 0 NaN
-300 0 NaN
-299 0 NaN
-298 0 NaN
-297 0 NaN
-296 0 NaN
-295 0 NaN
-294 0 NaN
-293 0 NaN
-292 0 NaN
-291 0 NaN
-290 0 NaN
-289 0 NaN
-288 0 NaN
-287 0 NaN
-286 0 NaN
-285 0 NaN
-284 0 NaN
-283 0 NaN
-282 0 NaN
-281 0 NaN
-280 0 NaN
-279 0 NaN
-278 0 NaN
-277 0 NaN
-276 0 NaN
-275 0 NaN
-274 0 NaN
-273 0 NaN
-272 0 NaN
-271 0 NaN
-270 0 NaN
-269 0 NaN
-268 0 NaN
-267 0 NaN
-266 0 NaN
-265 0 NaN
-264 0 NaN
-263 0 NaN
-262 0 NaN
-261 0 NaN
-260 0 NaN
-259 0 NaN
-258 0 NaN
-257 0 NaN
-256 0 NaN
-255 0 NaN
-254 0 NaN
-253 0 NaN
-252 0 NaN
-251 0 NaN
-250 0 NaN
-249 0 NaN
-248 0 NaN
-247 0 NaN
-246 0 NaN
-245 0 NaN
-244 0 NaN
-243 0 NaN
-242 0 NaN
-241 0 NaN
-240 0 NaN
-239 0 NaN
-238 0 NaN
-237 0 NaN
-236 0 NaN
-235 0 NaN
-234 0 NaN
-233 0 NaN
-232 0 NaN
-231 0 NaN
-230 0 NaN
-229 0 NaN
-228 0 NaN
-227 0 NaN
-226 0 NaN
-225 0 NaN
-224 0 NaN
-223 0 NaN
-222 0 NaN
-221 0 NaN
-220 0 NaN
-219 0 NaN
-218 0 NaN
-217 0 NaN
-216 0 NaN
-215 0 NaN
-214 0 NaN
-213 0 NaN
-212 0 NaN
-211 0 NaN
-210 0 NaN
-209 0 NaN
-208 0 NaN
-207 0 NaN
-206 0 NaN
-205 0 NaN
-204 0 NaN
-203 0 NaN
-202 0 NaN
-201 0 NaN
-200 0 NaN
-199 0 NaN
-198 0 NaN
-197 0 NaN
-196 0 NaN
-195 0 NaN
-194 0 NaN
-193 0 NaN
-192 0 NaN
-191 0 NaN
-190 0 NaN
-189 0 NaN
-188 0 NaN
-187 0 NaN
-186 0 NaN
-185 0 NaN
-184 0 NaN
-183 0 NaN
-182 0 NaN
-181 0 NaN
-180 0 NaN
-179 0 NaN
-178 0 NaN
-177 0 NaN
-176 0 NaN
-175 0 NaN
-174 0 NaN
-173 0 NaN
-172 0 NaN
-171 0 NaN
-170 0 NaN
-169 0 NaN
-168 0 NaN
-167 0 NaN
-166 0 NaN
-165 0 NaN
-164 0 NaN
-163 0 NaN
-162 0 NaN
-161 0 NaN
-160 0 NaN
-159 0 NaN
-158 0 NaN
-157 0 NaN
-156 0 NaN
-155 0 NaN
-154 0 NaN
-153 0 NaN
-152 0 NaN
-151 0 NaN
-150 0 NaN
-149 0 NaN
-148 0 NaN
-147 0 NaN
-146 0 NaN
-145 0 NaN
-144 0 NaN
-143 0 NaN
-142 0 NaN
-141 0 NaN
-140 0 NaN
-139 0 NaN
-138 0 NaN
-137 0 NaN
-136 0 NaN
-135 0 NaN
-134 0 NaN
-133 0 NaN
-132 0 NaN
-131 0 NaN
-130 0 NaN
-129 0 NaN
-128 0 NaN
-127 0 NaN
-126 0 NaN
-125 0 NaN
-124 0 NaN
-123 0 NaN
-122 0 NaN
-121 0 NaN
-120 0 NaN
-119 0 NaN
-118 0 NaN
-117 0 NaN
-116 0 NaN
-115 0 NaN
-114 0 NaN
-113 0 NaN
-112 0 NaN
-111 0 NaN
-110 0 NaN
-109 0 NaN
-108 0 NaN
-107 0 NaN
-106 0 NaN
-105 0 NaN
-104 0 NaN
-103 0 NaN
-102 0 NaN
-101 0 NaN
-100 0 NaN
-99 0 NaN
-98 0 NaN
-97 0 NaN
-96 0 NaN
-95 0 NaN
-94 0 NaN
-93 0 NaN
-92 0 NaN
-91 0 NaN
-90 0 NaN
-89 0 NaN
-88 0 NaN
-87 0 NaN
-86 0 NaN
-85 0 NaN
-84 0 NaN
-83 0 NaN
-82 0 NaN
-81 0 NaN
-80 0 NaN
-79 0 NaN
-78 0 NaN
-77 0 NaN
-76 0 NaN
-75 0 NaN
-74 0 NaN
-73 0 NaN
-72 0 NaN
-71 0 NaN
-70 0 NaN
-69 0 NaN
-68 0 NaN
-67 0 NaN
-66 0 NaN
-65 0 NaN
-64 0 NaN
-63 0 NaN
-62 0 NaN
-61 0 NaN
-60 0 NaN
-59 0 NaN
-58 0 NaN
-57 0 NaN
-56 0 NaN
-55 0 NaN
-54 0 NaN
-53 0 NaN
-52 0 NaN
-51 0 NaN
-50 0 NaN
-49 0 NaN
-48 0 NaN
-47 0 NaN
-46 0 NaN
-45 0 NaN
-44 0 NaN
-43 0 NaN
-42 0 NaN
-41 0 NaN
-40 0 NaN
-39 0 NaN
-38 0 NaN
-37 0 NaN
-36 0 NaN
-35 0 NaN
-34 0 NaN
-33 0 NaN
-32 0 NaN
-31 0 NaN
-30 0 NaN
-29 0 NaN
-28 0 NaN
-27 0 NaN
-26 0 NaN
-25 0 NaN
-24 0 NaN
-23 0 NaN
-22 0 NaN
-21 0 NaN
-20 0 NaN
-19 0 NaN
-18 0 NaN
-17 0 NaN
-16 0 NaN
-15 0 NaN
-14 0 NaN
-13 0 NaN
-12 0 NaN
-11 0 NaN
-10 0 NaN
-9 0 NaN
-8 0 NaN
-7 0 NaN
-6 0 NaN
-5 0 NaN
-4 0 NaN
-3 0 NaN
-2 0 NaN
-1 0 NaN
0 0 NaN
1 0 NaN
2 0 NaN
3 0 NaN
4 0 NaN
5 0 NaN
6 0 NaN
7 0 NaN
8 0 NaN
9 0 NaN
10 0 NaN
11 0 NaN
12 0 NaN
13 0 NaN
14 0 NaN
15 0 NaN
16 0 NaN
17 0 NaN
18 0 NaN
19 0 NaN
20 0 NaN
21 0 NaN
22 0 NaN
23 0 NaN
24 0 NaN
25 0 NaN
26 0 NaN
27 0 NaN
28 0 NaN
29 0 NaN
30 0 NaN
31 0 NaN
32 0 NaN
33 0 NaN
34 0 NaN
35 0 NaN
36 0 NaN
37 0 NaN
38 0 NaN
39 0 NaN
40 0 NaN
41 0 NaN
42 0 NaN
43 0 NaN
44 0 NaN
45 0 NaN
46 0 NaN
47 0 NaN
48 0 NaN
49 0 NaN
50 0 NaN
51 0 NaN
52 0 NaN
53 0 NaN
54 0 NaN
55 0 NaN
56 0 NaN
57 0 NaN
58 0 NaN
59 0 NaN
60 0 NaN
61 0 NaN
62 0 NaN
63 0 NaN
64 0 NaN
65 0 NaN
66 0 NaN
67 0 NaN
68 0 NaN
69 0 NaN
70 0 NaN
71 0 NaN
72 0 NaN
73 0 NaN
74 0 NaN
75 0 NaN
76 0 NaN
77 0 NaN
78 0 NaN
79 0 NaN
80 0 NaN
81 0 NaN
82 0 NaN
83 0 NaN
84 0 NaN
85 0 NaN
86 0 NaN
87 0 NaN
88 0 NaN
89 0 NaN
90 0 NaN
91 0 NaN
92 0 NaN
93 0 NaN
94 0 NaN
95 0 NaN
96 0 NaN
97 0 NaN
98 0 NaN
99 0 NaN
100 0 NaN
101 0 NaN
102 0 NaN
103 0 NaN
104 0 NaN
105 0 NaN
106 0 NaN
107 0 NaN
108 0 NaN
109 0 NaN
110 0 NaN
111 0 NaN
112 0 NaN
113 0 NaN
114 0 NaN
115 0 NaN
116 0 NaN
117 0 NaN
118 0 NaN
119 0 NaN
120 0 NaN
121 0 NaN
122 0 NaN
123 0 NaN
124 0 NaN
125 0 NaN
126 0 NaN
127 0 NaN
128 0 NaN
129 0 NaN
130 0 NaN
131 0 NaN
132 0 NaN
133 0 NaN
134 0 NaN
135 0 NaN
136 0 NaN
137 0 NaN
138 0 NaN
139 0 NaN
140 0 NaN
141 0 NaN
142 0 NaN
143 0 NaN
144 0 NaN
145 0 NaN
146 0 NaN
147 0 NaN
148 0 NaN
149 0 NaN
150 0 NaN
151 0 NaN
152 0 NaN
153 0 NaN
154 0 NaN
155 0 NaN
156 0 NaN
157 0 NaN
158 0 NaN
159 0 NaN
160 0 NaN
161 0 NaN
162 0 NaN
163 0 NaN
164 0 NaN
165 0 NaN
166 0 NaN
167 0 NaN
168 0 NaN
169 0 NaN
170 0 NaN
171 0 NaN
172 0 NaN
173 0 NaN
174 0 NaN
175 0 NaN
176 0 NaN
177 0 NaN
178 0 NaN
179 0 NaN
180 0 NaN
181 0 NaN
182 0 NaN
183 0 NaN
184 0 NaN
185 0 NaN
186 0 NaN
187 0 NaN
188 0 NaN
189 0 NaN
190 0 NaN
191 0 NaN
192 0 NaN
193 0 NaN
194 0 NaN
195 0 NaN
196 0 NaN
197 0 NaN
198 0 NaN
199 0 NaN
200 0 NaN
201 0 NaN
202 0 NaN
203 0 NaN
204 0 NaN
205 0 NaN
206 0 NaN
207 0 NaN
208 0 NaN
209 0 NaN
210 0 NaN
211 0 NaN
212 0 NaN
213 0 NaN
214 0 NaN
215 0 NaN
216 0 NaN
217 0 NaN
218 0 NaN
219 0 NaN
220 0 NaN
221 0 NaN
222 0 NaN
223 0 NaN
224 0 NaN
225 0 NaN
226 0 NaN
227 0 NaN
228 0 NaN
229 0 NaN
230 0 NaN
231 0 NaN
232 0 NaN
233 0 NaN
234 0 NaN
235 0 NaN
236 0 NaN
237 0 NaN
238 0 NaN
239 0 NaN
240 0 NaN
241 0 NaN
242 0 NaN
243 0 NaN
244 0 NaN
245 0 NaN
246 0 NaN
247 0 NaN
248 0 NaN
249 0 NaN
250 0 NaN
251 0 NaN
252 0 NaN
253 0 NaN
254 0 NaN
255 0 NaN
256 0 NaN
257 0 NaN
258 0 NaN
259 0 NaN
260 0 NaN
261 0 NaN
262 0 NaN
263 0 NaN
264 0 NaN
265 0 NaN
266 0 NaN
267 0 NaN
268 0 NaN
269 0 NaN
270 0 NaN
271 0 NaN
272 0 NaN
273 0 NaN
274 0 NaN
275 0 NaN
276 0 NaN
277 0 NaN
278 0 NaN
279 0 NaN
280 0 NaN
281 0 NaN
282 0 NaN
283 0 NaN
284 0 NaN
285 0 NaN
286 0 NaN
287 0 NaN
288 0 NaN
289 0 NaN
290 0 NaN
291 0 NaN
292 0 NaN
293 0 NaN
294 0 NaN
295 0 NaN
296 0 NaN
297 0 NaN
298 0 NaN
299 0 NaN
300 0 NaN
301 0 NaN
302 0 NaN
303 0 NaN
304 0 NaN
305 0 NaN
306 0 NaN
307 0 NaN
308 0 NaN
309 0 NaN
310 0 NaN
311 0 NaN
312 0 NaN
313 0 NaN
314 0 NaN
315 0 NaN
316 0 NaN
317 0 NaN
318 0 NaN
319 0 NaN
320 0 NaN
321 0 NaN
322 0 NaN
323 0 NaN
324 0 NaN
325 0 NaN
326 0 NaN
327 0 NaN
328 0 NaN
329 0 NaN
330 0 NaN
331 0 NaN
332 0 NaN
333 0 NaN
334 0 NaN
335 0 NaN
336 0 NaN
337 0 NaN
338 0 NaN
339 0 NaN
340 0 NaN
341 0 NaN
342 0 NaN
343 0 NaN
344 0 NaN
345 0 NaN
346 0 NaN
347 0 NaN
348 0 NaN
349 0 NaN
350 0 NaN
351 0 NaN
352 0 NaN
353 0 NaN
354 0 NaN
355 0 NaN
356 0 NaN
357 0 NaN
358 0 NaN
359 0 NaN
360 0 NaN
361 0 NaN
362 0 NaN
363 0 NaN
364 0 NaN
365 0 NaN
366 0 NaN
367 0 NaN
368 0 NaN
369 0 NaN
370 0 NaN
371 0 NaN
372 0 NaN
373 0 NaN
374 0 NaN
375 0 NaN
376 0 NaN
377 0 NaN
378 0 NaN
379 0 NaN
380 0 NaN
381 0 NaN
382 0 NaN
383 0 NaN
384 0 NaN
385 0 NaN
386 0 NaN
387 0 NaN
388 0 NaN
389 0 NaN
390 0 NaN
391 0 NaN
392 0 NaN
393 0 NaN
394 0 NaN
395 0 NaN
396 0 NaN
397 0 NaN
398 0 NaN
399 0 NaN
400 51.8142 NaN
401 0 NaN
402 0 NaN
403 0 NaN
404 0 NaN
405 0 NaN
406 0 NaN
407 0 NaN
408 0 NaN
409 0 NaN
410 0 NaN
411 0 NaN
412 0 NaN
413 0 NaN
414 0 NaN
415 0 NaN
416 0 NaN
417 0 NaN
418 0 NaN
419 0 NaN
420 0 NaN
421 0 NaN
422 0 NaN
423 0 NaN
424 0 NaN
425 0 NaN
426 0 NaN
427 0 NaN
428 0 NaN
429 0 NaN
430 0 NaN
431 0 NaN
432 0 NaN
433 0 NaN
434 0 NaN
435 0 NaN
436 0 NaN
437 0 NaN
438 0 NaN
439 0 NaN
440 0 NaN
441 0 NaN
442 0 NaN
443 0 NaN
444 0 NaN
445 0 NaN
446 0 NaN
447 0 NaN
448 0 NaN
449 0 NaN
450 0 NaN
451 0 NaN
452 0 NaN
453 0 NaN
454 0 NaN
455 0 NaN
456 0 NaN
457 0 NaN
458 0 NaN
459 0 NaN
460 0 NaN
461 0 NaN
462 0 NaN
463 0 NaN
464 0 NaN
465 0 NaN
466 0 NaN
467 0 NaN
468 0 NaN
469 0 NaN
470 0 NaN
471 0 NaN
472 0 NaN
473 0 NaN
474 0 NaN
475 0 NaN
476 0 NaN
477 0 NaN
478 0 NaN
479 0 NaN
480 0 NaN
481 0 NaN
482 0 NaN
483 0 NaN
484 0 NaN
485 0 NaN
486 0 NaN
487 0 NaN
488 0 NaN
489 0 NaN
490 0 NaN
491 0 NaN
492 0 NaN
493 0 NaN
494 0 NaN
495 0 NaN
496 0 NaN
497 0 NaN
498 0 NaN
499 0 NaN
500 0 NaN
501 0 NaN
502 0 NaN
503 0 NaN
504 0 NaN
505 0 NaN
506 0 NaN
507 0 NaN
508 0 NaN
509 0 NaN
510 0 NaN
511 0 NaN
512 0.976619 NaN
513 0 NaN
514 0 NaN
515 0 NaN
516 0 NaN
517 0 NaN
518 0 NaN
519 0 NaN
520 0 NaN
521 0 NaN
522 0 NaN
523 0 NaN
524 0 NaN
525 0 NaN
526 0 NaN
527 0 NaN
528 0 NaN
529 25.8738 NaN
530 29.7952 NaN
531 24.4719 NaN
532 22.2943 NaN
533 23.2547 NaN
534 14.9929 NaN
535 0 NaN
536 0 NaN
537 0 NaN
538 0 NaN
539 0 NaN
540 0 NaN
541 0 NaN
542 0 NaN
543 0 NaN
544 0 NaN
545 0 NaN
546 0 NaN
547 0 NaN
548 0 NaN
549 0 NaN
550 0 NaN
551 0 NaN
552 0 NaN
553 0 NaN
554 0 NaN
555 0 NaN
556 0 NaN
557 0 NaN
558 0 NaN
559 19.352 NaN
560 39.3414 NaN
561 56.3471 NaN
562 51.2416 NaN
563 47.5778 NaN
564 64.5189 NaN
565 50.8074 NaN
566 61.6512 NaN
567 61.1151 NaN
568 60.2365 NaN
569 72.4282 NaN
570 64.8814 NaN
571 74.8704 NaN
572 64.3633 NaN
573 78.2814 NaN
574 67.0777 NaN
575 80.1918 NaN
576 73.4176 NaN
577 81.4808 NaN
578 82.7403 NaN
579 75.6663 NaN
580 88.0853 NaN
581 83.1161 NaN
582 89.3722 NaN
583 88.506 NaN
584 85.9333 NaN
585 96.0012 NaN
586 93.4602 NaN
587 89.1168 NaN
588 100.185 NaN
589 96.356 NaN
590 94.0554 NaN
591 106.234 NaN
592 104 NaN
593 101.784 NaN
594 102.833 NaN
595 112.795 NaN
596 109.989 NaN
597 107.875 NaN
598 109.44 NaN
599 115.343 NaN
600 120.04 NaN
601 116.472 NaN
602 119.323 NaN
603 115.144 NaN
604 119.488 NaN
605 125.348 NaN
606 127.035 NaN
607 131.844 NaN
608 130.64 NaN
609 129.131 NaN
610 130.81 NaN
611 131.449 NaN
612 129.992 NaN
613 131.916 NaN
614 135.742 NaN
615 135.423 NaN
616 135.898 NaN
617 137.466 NaN
618 142.469 NaN
619 143.195 NaN
620 142.042 NaN
621 143.269 NaN
622 146.482 NaN
623 151.005 NaN
624 151.917 NaN
625 152.236 NaN
626 154.471 NaN
627 156.444 NaN
628 158.872 NaN
629 159.956 NaN
630 160.057 NaN
631 161.209 NaN
632 162.285 NaN
633 165.887 NaN
634 169.451 NaN
635 171.774 NaN
636 171.042 NaN
637 169.198 NaN
638 171.436 NaN
639 176.659 NaN
640 177.174 NaN
641 176.046 NaN
642 175.91 NaN
643 179.977 NaN
644 182.591 NaN
645 180.664 NaN
646 182.054 NaN
647 185.616 NaN
648 184.056 NaN
649 186.221 NaN
650 188.63 NaN
651 189.154 NaN
652 189.509 NaN
653 195.221 NaN
654 193.728 NaN
655 196.352 NaN
656 198.764 NaN
657 197.947 NaN
658 203.519 NaN
659 201.994 NaN
660 204.548 NaN
661 203.774 NaN
662 209.066 NaN
663 213.848 NaN
664 211.708 NaN
665 213.691 NaN
666 218.527 NaN
667 218.853 NaN
668 218.926 NaN
669 221.166 NaN
670 229.482 NaN
671 223.746 NaN
672 230.587 NaN
673 232.286 NaN
674 229.573 NaN
675 240.589 NaN
676 236.394 NaN
677 236.667 NaN
678 244.702 NaN
679 243.04 NaN
680 245.69 NaN
681 248.348 NaN
682 252.715 NaN
683 254.961 NaN
684 251.876 NaN
685 259.852 NaN
686 257.574 NaN
687 264.276 NaN
688 265.578 NaN
689 267.972 NaN
690 270.933 NaN
691 270.247 NaN
692 270.253 NaN
693 273.345 NaN
694 273.491 NaN
695 279.173 NaN
696 278.076 NaN
697 282.549 NaN
698 281.2 NaN
699 284.755 NaN
700 287.351 NaN
701 287.603 NaN
702 289.516 NaN
703 288.626 NaN
704 292.333 NaN
705 296.038 NaN
706 295.406 NaN
707 299.604 NaN
708 302.371 NaN
709 301.679 NaN
710 304.107 NaN
711 305.157 NaN
712 303.926 NaN
713 309.278 NaN
714 311.088 NaN
715 312.047 NaN
716 312.802 NaN
717 315.96 NaN
718 316.399 NaN
719 317.877 NaN
720 319.189 NaN
721 319.831 NaN
722 321.679 NaN
723 326.081 NaN
724 324.41 NaN
725 327.856 NaN
726 330.586 NaN
727 330.77 NaN
728 332.021 NaN
729 332.618 NaN
730 337.436 NaN
731 336.157 NaN
732 339.847 NaN
733 338.763 NaN
734 341.21 NaN
735 343.58 NaN
736 343.913 NaN
737 345.224 NaN
738 346.533 NaN
739 348.794 NaN
740 349.789 NaN
741 352.604 NaN
742 353.829 NaN
743 356.991 NaN
744 354.547 NaN
745 359.791 NaN
746 359.14 NaN
747 361.696 NaN
748 362.656 NaN
749 361.855 NaN
750 366.087 NaN
751 365.331 NaN
752 367.965 NaN
753 367.958 NaN
754 367.679 NaN
755 372.343 NaN
756 372.354 NaN
757 376.252 NaN
758 375.706 NaN
759 374.933 NaN
760 381.018 NaN
761 381.137 NaN
762 381.384 NaN
763 384.238 NaN
764 383.379 NaN
765 386.928 NaN
766 388.028 NaN
767 389.662 NaN
768 392.007 NaN
769 391.376 NaN
770 394.741 NaN
771 395.503 NaN
772 391.196 NaN
773 400.033 NaN
774 396.363 NaN
775 402.255 NaN
776 403.541 NaN
777 405.133 NaN
778 406.919 NaN
779 407.968 NaN
780 410.898 NaN
781 411.612 NaN
782 411.632 NaN
783 412.633 NaN
784 414.877 NaN
785 417.161 NaN
786 418.585 NaN
787 418.503 NaN
788 419.943 NaN
789 422.636 NaN
790 425.783 NaN
791 427.542 NaN
792 431.062 NaN
793 434.133 NaN
794 429.516 NaN
795 433.163 NaN
796 435.341 NaN
797 437.538 NaN
798 439.487 NaN
799 439.267 NaN
800 440.945 NaN
801 445.423 NaN
802 440.838 NaN
803 442.913 NaN
804 447.145 NaN
805 449.716 NaN
806 451.314 NaN
807 461.955 NaN
808 452.761 NaN
809 453.114 NaN
810 455.595 NaN
811 458.807 NaN
812 459.646 NaN
813 460.826 NaN
814 460.565 NaN
815 465.177 NaN
816 464.792 NaN
817 466.267 NaN
818 468.603 NaN
819 469.334 NaN
820 473.963 NaN
821 473.488 NaN
822 480.307 NaN
823 476.386 NaN
824 477.224 NaN
825 483.252 NaN
826 481.47 NaN
827 485.355 NaN
828 482.611 NaN
829 485.094 NaN
830 489.404 NaN
831 489.494 NaN
832 489.831 NaN
833 491.573 NaN
834 493.01 NaN
835 496.497 NaN
836 496.513 NaN
837 499.664 NaN
838 502.723 NaN
839 502.138 NaN
840 502.576 NaN
841 503.703 NaN
842 504.98 NaN
843 507.387 NaN
844 508.023 NaN
845 511.527 NaN
846 513.293 NaN
847 513.495 NaN
848 514.451 NaN
849 516.535 NaN
850 519.146 NaN
851 520.556 NaN
852 522.838 NaN
853 524.31 NaN
854 527.205 NaN
855 528.189 NaN
856 529.041 NaN
857 530.375 NaN
858 533.035 NaN
859 535.096 NaN
860 535.719 NaN
861 533.938 NaN
862 537.353 NaN
863 539.623 NaN
864 543.055 NaN
865 541.536 NaN
866 542.75 NaN
867 543.949 NaN
868 546.389 NaN
869 549.318 NaN
870 552.952 NaN
871 551.631 NaN
872 555.533 NaN
873 556.338 NaN
874 557.435 NaN
875 559.8 NaN
876 559.425 NaN
877 563.227 NaN
878 564.486 NaN
879 571.095 NaN
880 567.042 NaN
881 568.864 NaN
882 570.839 NaN
883 571.955 NaN
884 573.659 NaN
885 573.608 NaN
886 579.941 NaN
887 578.275 NaN
888 579.144 NaN
889 580.816 NaN
890 580.43 NaN
891 580.334 NaN
892 583.273 NaN
893 585.097 NaN
894 593.944 NaN
895 588.418 NaN
896 590.076 NaN
897 590.443 NaN
898 591.498 NaN
899 594.959 NaN
900 601.757 NaN
901 598.048 NaN
902 598.287 NaN
903 598.877 NaN
904 600.225 NaN
905 603 NaN
906 600.802 NaN
907 604.823 NaN
908 604.658 NaN
909 606.814 NaN
910 605.815 NaN
911 607.005 NaN
912 606.053 NaN
913 606.3 NaN
914 611.478 NaN
915 609.392 NaN
916 610.849 NaN
917 609.69 NaN
918 611.289 NaN
919 615.728 NaN
920 613.776 NaN
921 613.671 NaN
922 617.244 NaN
923 616.278 NaN
924 616.663 NaN
925 617.151 NaN
926 619.148 NaN
927 617.694 NaN
928 622.536 NaN
929 620.704 NaN
930 622.029 NaN
931 625.406 NaN
932 625.09 NaN
933 620.461 NaN
934 624.015 NaN
935 625.649 NaN
936 624.943 NaN
937 627.131 NaN
938 627.276 NaN
939 628.06 NaN
940 633.718 NaN
941 631.802 NaN
942 630.71 NaN
943 631.353 NaN
944 632.219 NaN
945 630.298 NaN
946 637.516 NaN
947 634.18 NaN
948 634.257 NaN
949 635.508 NaN
950 636.902 NaN
951 635.725 NaN
952 638.782 NaN
953 640.581 NaN
954 642.007 NaN
955 644.465 NaN
956 646.035 NaN
957 643.396 NaN
958 645.562 NaN
959 646.788 NaN
960 645.633 NaN
961 644.138 NaN
962 647.646 NaN
963 645.425 NaN
964 648.311 NaN
965 649.017 NaN
966 649.137 NaN
967 648.845 NaN
968 650.368 NaN
969 649.888 NaN
970 651.291 NaN
971 652.359 NaN
972 652.626 NaN
973 651.777 NaN
974 657.429 NaN
975 659.014 NaN
976 653.679 NaN
977 663.421 NaN
978 654.826 NaN
979 655.329 NaN
980 657.032 NaN
981 657.577 NaN
982 656.548 NaN
983 660.533 NaN
984 659.537 NaN
985 665.735 NaN
986 663.626 NaN
987 661.68 NaN
988 657.423 NaN
989 659.291 NaN
990 668.123 NaN
991 670.376 NaN
992 671.099 NaN
993 672.32 NaN
994 673.366 NaN
995 672.495 NaN
996 673.862 NaN
997 674.476 NaN
998 674.361 NaN
999 672.449 NaN
1000 672.491 NaN
1001 672.993 NaN
1002 674.739 NaN
1003 675.525 NaN
1004 675.208 NaN
1005 674.634 NaN
1006 677.618 NaN
1007 674.839 NaN
1008 673.854 NaN
1009 673.729 NaN
1010 674.945 NaN
1011 683.842 NaN
1012 676.545 NaN
1013 673.581 NaN
1014 676.363 NaN
1015 675.006 NaN
1016 676.923 NaN
1017 675.391 NaN
1018 674.262 NaN
1019 676.67 NaN
1020 674.924 NaN
1021 680.476 NaN
1022 675.66 NaN
1023 673.337 NaN
1024 676.676 NaN
-1024 NaN -782.397
-1003.31 NaN -722.637
-982.626 NaN -425.886
-961.939 NaN -452.157
-941.253 NaN -614.989
-920.566 NaN -577.689
-899.879 NaN -393.268
-879.192 NaN -217.833
-858.505 NaN -121.142
-837.818 NaN -90.7074
-817.131 NaN -89.2657
-796.444 NaN -89.5012
-775.758 NaN -80.6951
-755.071 NaN -63.1267
-734.384 NaN -41.5303
-713.697 NaN -21.0934
-693.01 NaN -5.62069
-672.323 NaN 3.12183
-651.636 NaN 5.40565
-630.949 NaN 3.06348
-610.263 NaN -1.31084
-589.576 NaN -5.24287
-568.889 NaN -7.06975
-548.202 NaN -6.26261
-527.515 NaN -3.34601
-506.828 NaN 0.483813
-486.141 NaN 3.86713
-465.455 NaN 5.73987
-444.768 NaN 5.62091
-424.081 NaN 3.67998
-403.394 NaN 0.609252
-382.707 NaN -2.63096
-362.02 NaN -5.10385
-341.333 NaN -6.14419
-320.646 NaN -5.5075
-299.96 NaN -3.39805
-279.273 NaN -0.385024
-258.586 NaN 2.76016
-237.899 NaN 5.2598
-217.212 NaN 6.51224
-196.525 NaN 6.2223
-175.838 NaN 4.45634
-155.152 NaN 1.6159
-134.465 NaN -1.65927
-113.778 NaN -4.63502
-93.0909 NaN -6.64223
-72.404 NaN -7.2193
-51.7172 NaN -6.20997
-31.0303 NaN -3.79794
-10.3434 NaN -0.472171
10.3434 NaN 3.07019
31.0303 NaN 6.06494
51.7172 NaN 7.83905
72.404 NaN 7.95559
93.0909 NaN 6.31633
113.778 NaN 3.19974
134.465 NaN -0.776978
155.152 NaN -4.76908
175.838 NaN -7.87222
196.525 NaN -9.31722
217.212 NaN -8.654
237.899 NaN -5.88389
258.586 NaN -1.50569
279.273 NaN 3.54669
299.96 NaN 8.07629
320.646 NaN 10.8822
341.333 NaN 11.0591
362.02 NaN 8.27056
382.707 NaN 2.92604
403.394 NaN -3.80183
424.081 NaN -10.1497
444.768 NaN -14.1098
465.455 NaN -13.878
486.141 NaN -8.28041
506.828 NaN 2.96428
527.515 NaN 19.2687
548.202 NaN 39.5255
568.889 NaN 62.6922
589.576 NaN 88.3813
610.263 NaN 117.142
630.949 NaN 150.162
651.636 NaN 188.341
672.323 NaN 231.076
693.01 NaN 275.47
713.697 NaN 316.815
734.384 NaN 350.722
755.071 NaN 376.22
775.758 NaN 397.779
796.444 NaN 423.777
817.131 NaN 460.551
837.818 NaN 505.346
858.505 NaN 545.536
879.192 NaN 569.739
899.879 NaN 583.691
920.566 NaN 607.576
941.253 NaN 641.63
961.939 NaN 650.377
982.626 NaN 647.179
1003.31 NaN 691.732
1024 NaN 716.64
